1775375
4846196
6170
75757
94544
41401
89390
80485
75768
29816
2311
24039
131
43436
6170
85016
334521
191368
30754
149535
23115
361
29948
1861321
4572027
12704
222701
390
12928
12546
86884
16295
42147
19
12704
0
55488
11859
119
14168
0
89390
3848834
1913529
20694
41401
94596
31695
0
34085
0
146718
32713
48463
21942
0
0
6782
89390
361
89390
16964
3871302
94701
6476
1775535
146182
2054
30911
41276
1770211
94556
41401
2627
1419229
0
1942967
14168
39048
1194
270905
60617
1649025
615
22384
0
161
2208456
30114
0
41401
3184
707
12030
535
39748
687
54504
300
57885
43033
190877
7844
50423
512246
0
41401
14168
3374662
1639876
16295
61943
21506
200019
9369
101690
123673
43148
22859
14158
0
0
102705
3478576
3460233
89390
10081
15138
362041
1326
89390
615
57821
179332
6170
89390
100681
89390
24017
48689
3405899
12704
3613758
94596
271237
2157983
6592
47935
0
1871
12704
1648973
0
2145
11598
2584168
40542
14
1658
118124
1775375
89390
94544
3844702
41923
12704
16039
41655
30911
3460233
301314
1232
41401
41401
89390
0
199402
1106
40520
9425
58313
0
2918
94544
197923
166335
62446
2065
54504
15634
75122
63666
24689
3827
16295
41401
24370
94544
41401
61899
38645
1775375
41401
32358
147639
271366
20465
0
192906
40539
3460233
6218
40587
1775535
1775375
3879794
61038
0
34574
89390
22955
118138
3879794
29097
0
15634
1436214
205063
54367
39715
40459
14
0
121110
6170
707
1662
60094
89390
14168
1861321
2303
3863620
6170
31023
49390
18937
41401
1923927
181
0
129310
23294
1255931
0
89390
3853
42196
3620908
40782
4759
3460233
65061
21942
19340
0
3883392
1775375
29404
89390
1871
24381
12982
0
47552
0
51404
0
6465
1558954
12659
1231174
0
70194
12704
20931
29127
94544
0
90648
1271097
6731
38771
98057
8912
1775375
2922
3184
3677983
4948
0
20
196707
26461
254834
1181345
27606
201230
2000
797
32635
5674
230577
1913531
12043
321
1775375
6170
0
138262
49323
0
1530990
2128
1716
15634
1439150
85016
37882
55
89390
78049
0
349
42531
46189
64502
89390
14799
22400
41401
0
34674
4927
8206
405
23
41401
201229
89390
3836613
6170
44580
1775375
122080
94596
89390
0
4
287442
16710
1727618
12659
3524570
3842436
15036
863
94544
663811
637
2918
130972
1913413
16295
21942
71
1775375
50266
30155
73683
1714
231843
89390
2382
6170
25884
0
4927
94596
124856
79308
78803
42589
2367
5674
32445
4680
327651
3460233
3322
10561
22859
89390
77310
11739
111
527514
23576
558632
0
3871302
28509
190877
98657
863
42240
371
2550
24577
180468
202757
12597
310
0
1648973
3736276
28509
12658
41423
8906
150287
89390
89585
2922
7556
32555
4492
4675
89390
111883
77506
6730
1762
2922
40924
3892380
194161
248405
15634
94596
28876
217355
15634
149774
39031
41401
24393
197465
12704
11289
2715
636560
43924
1770211
41401
428786
0
40290
9369
21942
8713
1194
94544
89390
248399
6730
30905
30495
15634
16412
0
152171
21530
37416
6170
783595
16295
1135594
6706
0
143801
156
17094
100852
38656
16295
9629
0
18991
41401
17266
335
85886
508631
6170
4418
321
44020
3298
89121
41401
46819
12704
15959
41630
129896
371
131
2683480
43924
9369
27745
151639
0
0
35289
41401
191323
0
0
26824
90648
32147
126548
156027
1783511
124023
271236
52665
131718
59271
63448
124971
89390
42928
89390
56313
2922
90648
0
236914
94544
98470
801
180468
94596
3874420
0
43924
847
0
677391
6170
0
32
14168
0
15634
23576
6782
75827
44527
38570
58129
11597
3460233
38656
49511
2300028
753
3849792
1762
119564
18937
86
1448908
3478576
258
2837
866741
190877
85016
40445
1513517
1658449
41401
30906
64997
155739
18371
15634
67808
20209
59
46899
0
11983
113
707
10645
498808
1863
118317
633
90648
62248
0
41401
2918
11575
0
43165
1762
636362
13722
3393103
53087
48096
30905
38656
190877
94544
13178
0
3322
0
26212
18436
248633
3874420
0
1841
11014
1658449
154
89390
386815
43924
0
6170
0
1256671
26624
0
38656
31733
89390
0
98657
76774
6563
321
30432
2918
94596
204582
42939
11450
401651
6461
19273
1693496
199847
90648
15304
85016
1341901
0
0
0
41559
29461
97028
34717
32034
3887548
20877
61643
28286
40534
2284157
1762
3229
11575
0
2918
8593
190877
0
0
200531
37090
26730
41401
131518
34894
6170
3476470
40193
23294
316
855
22859
42855
0
693
116077
300
0
17182
5011
101760
344
104173
30432
0
89585
3184
6170
122158
15353
41401
41401
0
81071
22696
16295
2258
20881
0
1194
14699
62345
3887548
1863
12
16386
51926
201111
53625
0
64554
59
4060
73852
2037056
30791
0
16295
20073
11044
30432
5657
0
41401
1383
2178
3460233
3676
89390
1960
13112
1775375
3871302
6170
41401
6170
166335
50320
8914
12704
97627
3476470
30754
0
52764
0
144
41401
27606
77165
514578
44580
3677983
1775375
118143
64735
31535
2391
2918
301
41401
1913413
84089
20881
0
0
0
89390
3298
6170
8778
42217
1770211
1996
29406
643831
51343
158395
2225
0
1775375
57451
1534037
3941
3460233
421
7904
3182
514
41425
12704
197823
60295
5011
58782
40352
1775375
89390
3478576
17315
3849792
48579
2922
67938
615
1085
24
0
1775375
14168
6053
311
94556
4927
201229
24720
192425
2918
3871302
11575
87115
21924
766
36752
6170
51409
2373
12928
89390
15634
512246
205063
30754
0
37815
131358
94544
1775375
303038
190877
615
242634
14168
3184
6782
48
1415
22859
229
1408540
98497
12059
80275
371
30619
6319
75129
11186
194107
24165
15634
1418856
69484
3182
17218
0
2577905
41401
190877
201981
89390
137618
12823
24016
22807
1040
12
204764
190877
0
0
0
43924
12704
9369
39856
8686
12059
3184
0
0
36703
5700
190877
321
2178
75676
129
22859
42597
4948
59
89390
41401
11522
47883
41401
18070
12704
30495
42107
1611
29867
89390
23294
514578
1705
6170
3460233
89390
118220
190877
3460233
3483439
89390
318
6170
9572
30114
9680
40334
259
1468286
1433339
190169
233363
32289
191323
75717
100645
297
15634
1614841
129319
3883392
1690608
300
0
94556
2372
4927
94544
89568
14168
1534037
192398
1841
29404
5698
