1775375
1840022
6777
61471
94544
41381
36702
80399
77935
25303
2317
30114
0
39299
6777
84775
930
191316
29519
50491
22672
145
29416
733138
3279048
12704
230915
586
12928
11382
84705
19403
40929
0
12704
0
54434
11599
92
5012
0
36702
3418710
1921238
164
41381
94596
30489
0
33026
0
132718
32706
48519
20908
0
0
6248
36702
145
36702
16828
3785864
16999
579
4308
65930
0
34916
39599
1770498
94556
41381
0
1419264
0
2671570
5012
23978
24
276023
77
1649025
615
13529
0
0
2207446
768
0
41381
3234
0
13103
78
37443
687
24
0
56119
7359
63704
0
50415
556994
0
41381
5012
3143740
1584751
19403
61830
8649
198095
9369
120239
6946
47978
22279
9680
0
0
102162
2771863
3467462
36702
10240
13542
350664
144
36702
615
58344
177891
6777
36702
100681
36702
2054
43034
4019966
12704
3613758
94596
56376
2220723
6521
47831
0
22
12704
1648973
0
0
13904
2584168
40542
707
1663
54967
1775375
36702
94544
5358309
41880
12704
17537
41880
34916
3467462
321005
1232
41381
41381
36702
0
320744
1106
44365
2614
58313
0
2918
94544
194039
653183
75757
2062
24
18658
60819
61679
13529
4363
19403
41381
23361
94544
41381
58232
37628
1775375
41381
31541
44195
228423
21015
0
189060
38873
3467462
6218
41572
4308
1775375
3279134
56254
0
36330
36702
20906
124023
3279134
25511
0
18662
1982228
204675
50724
40366
6903
0
0
117732
6777
9680
1197
50965
36702
5012
1614841
1708
3901760
6777
33802
47408
10090
41381
118070
54
0
231281
42660
1255931
0
36702
2016
0
3613758
34730
4734
3467462
0
20908
7897
0
3279134
1775375
29399
36702
73
26420
12116
0
50408
0
33533
0
6535
1584751
11600
1231174
0
70194
12704
21846
28459
94544
0
88414
1271105
6731
22759
99736
5451
1775375
2885
3234
3148088
4948
0
20
48883
0
280695
332349
30197
134417
14573
176
32560
5646
229851
1922791
5012
0
1775375
6777
0
56330
44250
0
1619421
2128
148
18662
1436498
84775
37753
0
36702
320744
0
387
38717
39057
64468
36702
14211
7639
41381
0
24229
5009
8206
305
2
41381
63704
36702
3421952
6777
42525
4308
123943
94596
36702
0
0
428733
8277
1725267
12786
3473669
4090778
15023
0
94544
575423
340
2918
131038
1922791
19403
20908
0
1775375
32768
43282
73380
1714
204887
36702
3121
6777
27629
0
5052
94596
123943
79974
25302
42589
2364
5705
31575
1661
428733
3467462
3181
0
22859
36702
62103
18489
0
269694
16618
546020
0
3785864
30418
63704
98697
0
42121
371
0
5679
180475
194313
12597
310
0
1648973
3378072
30418
12661
35522
2582
88186
36702
88379
2920
1714
49024
185
1661
36702
133
75352
6248
1727
2885
5012
3709297
134373
228423
18662
94596
29829
204887
18662
65970
23978
41381
19162
237350
12704
11289
3017
643941
41655
1770498
41381
428733
0
38533
9369
20908
8391
21
94544
36702
227932
6248
38214
23144
18662
51966
0
147639
7619
37228
6777
1775375
19403
1138757
1943
0
0
0
12865
100281
5012
19403
10469
0
19189
41381
15200
368
84700
514607
6777
4418
0
44169
3184
89121
41381
46705
12704
7915
41605
50966
371
0
1811273
41655
9369
27745
41689
0
0
34345
41381
191214
0
0
25392
88379
30563
122130
155798
2106119
118122
56376
53049
131438
80546
60819
244659
36702
97827
36702
53895
2885
88414
0
186982
94544
18981
145
180475
94596
3960872
0
41655
227
0
30412
6777
0
48
5012
20
18662
23212
6248
75730
40542
7438
61512
11601
3467462
5012
49372
2320700
396
3418710
1727
162395
10081
6
1419556
2654036
312
193
722162
63704
84775
38166
3004675
1662629
41381
31669
62777
153236
0
18662
67776
26075
0
46005
0
13847
121
707
0
498782
1658
161951
373
88414
21357
0
41381
2918
10081
0
42173
1727
643831
8683
4682212
53058
42777
33527
5012
63732
94544
13178
0
3181
0
1714
25
227932
5190593
0
21
30114
1662629
0
36702
269059
41655
0
6777
0
1255931
26644
0
5012
25279
36702
0
98617
62132
6767
0
27594
2918
94596
203888
41731
11602
310145
6536
19026
2204995
199770
88416
15841
84775
1388499
0
0
0
40430
29008
57649
32908
28405
4028672
21901
62050
27414
40534
2208279
1727
34
18991
0
2918
0
63704
0
0
184339
36203
18168
41381
131358
34437
6777
2654036
914
42660
6
0
22859
40641
0
693
76846
0
0
11575
5011
0
461
79225
31435
0
88414
3187
6777
156799
17970
41381
41381
0
51478
24229
19403
0
20965
0
25
13501
62194
4329794
1629
12
18753
51929
181254
53490
0
64554
0
201
345597
1619316
28594
0
19403
12969
0
26554
5
0
41381
203
1291
3467462
3684
36702
1960
13112
4308
3902178
6777
41381
6777
123954
2696
8912
12704
99736
2654036
29519
0
42589
0
153
41381
30197
3782
514607
42525
3147368
1775375
90167
60916
31221
2391
2918
568
41381
1913411
74774
21901
0
0
0
36702
3290
6777
1648
42078
1770498
1997
29431
653159
31221
65857
682
0
4308
56400
3004675
3324
3467462
363
6687
3182
393
41381
12704
193656
60295
5011
43843
40399
1775375
36702
2771863
17289
3418710
38607
2920
63542
615
0
12
0
4308
5108
6053
311
94556
4948
63704
28378
193424
2918
3785864
11575
29447
16895
693
33636
6777
51478
1338
12928
36702
18658
556994
204675
29519
0
31977
131598
94544
4308
303038
63592
615
30196
5012
3187
6248
48
1867
22279
354
1436498
0
5012
62261
371
30631
0
62521
2028
134269
30114
18662
1383472
5012
3235
16664
0
3658812
41381
63704
195001
36702
53829
4952
7395
20906
1040
12
199827
63732
0
0
0
41655
12704
9369
0
0
5012
3187
0
0
38774
5698
63704
0
1291
53934
0
21846
42597
4948
0
36702
41381
10236
47445
41381
14573
12704
23144
36959
1661
29231
36702
42620
556965
312
6777
3467462
36702
135863
63732
3467462
3473669
36702
304
6777
3155
193
768
0
78
2273612
1619421
191316
204887
23501
191214
75256
100645
393
18662
1553761
121838
4439969
1690608
304
0
94556
1749
5009
94544
88411
5012
3004675
190009
21
29399
5493
