1898509
1766904
6767
99216
94544
41041
94507
80651
61387
24674
2546
14158
0
40007
6767
85733
144222
191049
29422
192012
29862
145
29403
683578
5190593
12704
203052
615
12928
12934
85733
17798
39571
0
12704
0
54998
11588
71
4996
0
94507
3892380
1923754
121161
41041
94596
31696
0
32852
0
110798
32713
48985
20906
0
0
6802
94507
145
94507
34488
5212634
42330
21526
1898509
65970
0
29654
39605
1793890
94556
41041
55
1418578
0
2691967
4996
24004
1194
268799
77
1649025
615
17500
0
10163
2283980
9680
0
41041
3290
14158
11588
144
39759
687
1194
0
47825
43444
146015
0
48822
567338
0
41041
4996
3818673
1584635
17798
113306
21693
193792
9369
121315
123239
39861
22859
803
0
0
102031
3473669
3867954
94507
10090
14295
586188
1909
94507
615
58543
181102
6767
94507
100681
94507
14158
48523
4789118
12704
3149041
94596
56319
2283980
6593
48595
0
1047
12704
1649860
0
2115
11600
2588182
52832
768
5247
122166
1898509
94507
94544
5664045
40440
12704
17537
40440
29654
3867954
287104
1232
41041
41041
94507
0
289153
1106
44507
2738
58313
0
2918
94544
196722
166335
61480
2065
1194
17228
59866
60127
17500
3827
17798
41041
23900
94544
41041
58300
38598
1898509
41041
31257
151639
236483
20617
0
192740
37103
3867954
6218
40517
1898509
1898509
4011489
56138
0
33934
94507
20906
34579
4011489
26661
0
17228
1619288
204653
72689
40425
25611
768
0
118476
6767
9716
1603
55229
94507
4996
1580561
5109
3797823
6767
38433
49667
10090
41041
6750
85
0
261094
25348
1255931
2026
94507
2016
7447
3610668
32467
4734
3867954
48075
20906
8331
0
4011489
1898509
29422
94507
22
28460
12342
0
47726
0
49423
0
7228
1584646
12649
1231174
143
70194
12704
22859
30343
94544
0
88325
1251765
6731
38060
99639
4750
1898509
2885
3290
3951567
4948
0
20
53813
96940
239549
1117538
35926
138058
13878
536
28484
5674
202968
1925324
5108
0
1898509
6767
0
65735
46129
0
1619421
2128
190
17228
1596716
85733
39633
0
94507
289153
0
358
43017
41567
64513
94507
14243
7627
41041
0
40941
4948
8206
325
21
41041
141745
94507
3892380
6767
52824
1898509
123948
94596
94507
0
0
429465
94097
1725337
12661
3473669
5664045
15023
28
94544
757877
1317
2918
130992
1925324
17798
20906
0
1775375
33038
43443
73493
26212
202796
94507
2382
6767
36611
0
4948
94596
135863
51502
207731
42589
8731
5674
31579
1611
430503
3867954
3290
0
22859
94507
76912
42250
0
287104
16855
558693
0
5212634
38559
146015
98657
6427
42024
371
55
8500
180170
199160
12597
310
0
1649860
3834509
38559
11647
37851
2660
89417
94507
88358
2885
1714
38695
108
1816
94507
133
74888
6802
1727
2885
4996
3915622
150052
233336
17228
94596
30843
202796
17228
68858
23926
41041
20652
237387
12704
11289
2588
501401
41649
1793890
41041
428733
3930
25715
9369
20906
353
26751
94544
94507
236483
6802
28595
28877
17228
52138
2087
148347
7627
36234
6767
1778335
17798
1116360
1943
0
44417
143801
12806
98424
4996
17798
10031
0
19335
41041
15188
328
85733
567374
6767
4469
0
41944
3181
89121
41041
46626
12704
15441
40440
55411
371
0
1724261
41649
9369
27745
151639
1020
518
36512
41041
191049
0
0
38038
94415
31274
124023
167136
2152344
124023
56330
44665
117398
80626
59866
120974
94507
96577
94507
56459
2885
88358
0
205063
94544
98457
145
180170
94596
5190593
23
41649
119888
0
31260
6767
0
48
4996
20
17228
25348
6802
76896
52765
7308
55754
12785
3867954
4996
49516
2574306
753
3892380
1727
260689
10090
347
1418576
2654036
150
4768
636560
138058
85733
39101
3004675
1662629
41041
31673
59491
167372
8381
17228
67721
21979
0
44833
2728
11600
113
768
0
498837
1521
34740
725
94415
20347
49
41041
2918
10090
0
42215
1762
636560
3610
5190593
19903
43855
28595
4996
138058
94544
13178
0
3290
2026
6631
8379
236483
5190593
0
1194
14158
1658449
50291
94507
237683
41649
0
6767
0
1255974
24016
0
4996
26149
94507
0
101697
62223
6554
0
39981
2918
94596
200192
40844
11440
1251765
7196
18167
1534355
194680
88325
14879
85733
1386691
13
0
0
41441
30374
10182
33092
26318
5190593
21901
60488
39981
42589
2283980
1762
530
10090
0
2918
1302
146015
0
0
180170
35147
16770
41041
131598
29725
6767
2771863
9395
43024
363
562
22859
40610
0
3876
62356
0
0
10090
5011
77751
550
79519
34694
0
88325
3290
6767
123957
25629
41041
41041
0
51511
34738
17798
0
21382
0
1194
14664
60078
5190593
5109
12
17228
52046
194287
53508
0
64554
0
206
289153
1619316
29422
0
17798
43276
8117
39981
1930
0
41041
150
2342
3867954
3684
94507
1960
13112
1898509
5212634
6767
41041
6767
263007
50320
8912
12704
99639
2771863
29422
0
52757
0
0
41041
35926
16638
567316
52824
3951567
1898509
33011
61563
31222
2391
2918
753
41041
1913952
114446
21901
0
0
1020
94507
3181
6767
8778
42068
1793890
1997
28321
506000
31981
69167
682
0
1898509
58110
3004675
3505
3867954
309
6887
3182
753
41041
12704
194615
60295
5011
49082
40391
1898509
94507
3473669
16705
3892380
46923
2885
67068
615
0
12
0
1898509
4996
6053
384
94556
4948
141745
39981
187998
2918
5212634
10090
33895
17023
3876
32276
6767
78908
2177
12928
94507
17228
567338
177744
29422
0
37484
131598
94544
1898509
268614
138058
615
191941
4996
3290
6802
48
10946
22859
11264
1601582
19021
5108
76844
371
29398
2173
60567
24859
150052
14457
17228
1471140
4996
3182
16736
0
3712204
41041
146015
202673
94507
137549
5864
7308
20906
1039
12
199056
138058
0
0
0
41649
12704
9369
98497
1218
5108
3290
0
0
49014
5491
146015
0
2342
54491
0
22859
44527
4948
0
94507
41041
10253
49131
41041
18070
12704
28877
43073
1611
29319
94507
25348
567316
150
6767
3867954
94507
123957
138058
3867954
3473669
94507
419
6767
17732
707
768
40070
284
2273612
1619421
191049
202796
22688
191049
62141
100645
753
17228
1580601
135863
4011489
1690608
330
0
94556
3473
4948
94544
88258
4996
3004675
197518
1194
29422
5493
