1778375
2500470
6777
75800
94544
41022
43003
80359
77313
25644
2309
9680
0
41462
6777
84795
1822796
196523
30712
65318
23083
296
28736
767398
3818203
12704
211519
390
12928
12068
84795
16295
40587
0
12704
0
54658
12783
67
5124
0
43003
3770410
1913952
78438
41022
94596
31691
0
34230
0
146718
24724
48916
21942
0
0
6782
43003
296
43003
16831
3716736
22812
820
1925398
68820
0
28594
45698
1770211
94556
41022
0
1414486
0
2507790
5124
24004
21
256047
77
1649025
615
9995
0
0
2204811
803
0
41022
3264
14135
11597
0
37790
687
24
0
57809
28671
63742
0
50917
709398
0
41022
5124
3310570
1591787
16295
61638
21506
199829
9369
120427
30266
32024
21945
9680
0
0
103359
2654538
3813055
43003
10090
13418
1150859
78
43003
615
57964
184092
6777
43003
100681
43003
9680
48506
4049228
12704
2973346
94596
166841
2157551
6590
47778
0
73
12704
1648973
0
0
13891
2587522
44587
9716
1708
78604
1778375
43003
94544
4013196
40631
12704
16036
40735
29656
3813055
524295
1232
41022
41022
43003
0
73841
1106
49955
2653
58313
0
2918
94544
202641
124797
76912
2107
22
15634
101333
60639
6100
4130
16295
41022
24004
94544
41022
58697
37621
1778375
41022
31120
82881
249227
21227
0
196537
38126
3813055
6218
42710
1925398
1778375
3670179
57545
0
36503
43003
21942
111586
3782064
25743
0
15634
1619316
211378
50369
40581
7523
14135
0
117878
6777
9716
550
48828
43003
5124
766488
1658
3385766
6777
34101
49261
10090
41022
1775375
85
0
251891
42562
1255931
0
43003
3433
0
3613758
26347
5068
3813055
1724
21942
5844
0
3782064
1778375
29528
43003
73
28201
13250
0
45620
0
34839
0
6762
1584666
12659
1231174
0
70194
12704
20822
28872
94544
0
88421
211796
6731
38248
100842
8977
1778375
2885
3264
3683622
4948
0
32
45507
0
234484
961607
26676
134418
5831
176
32574
6095
229829
1913910
5124
0
1778375
6777
0
168970
47042
0
1442489
2128
148
15634
1393359
84795
27778
0
43003
93173
0
324
43912
94077
64468
43003
14541
0
41022
0
34741
4948
8206
420
21
41022
63858
43003
3770410
6777
44644
1778375
122166
94596
43003
0
0
238861
22287
1725267
12650
2655228
3936692
15043
0
94544
758917
416
2918
131061
1913882
16295
21942
0
3197374
43380
33013
73332
1714
211503
43003
2428
6777
27309
0
4927
94596
122135
51618
43610
44640
2366
5646
31608
4495
245722
3813055
3264
0
22859
43003
78278
24007
0
345597
15811
551852
0
3716736
38625
63742
98697
0
42181
371
0
12130
180275
197601
12597
310
0
1648973
3722166
30539
12845
37205
2617
88186
43003
88421
2885
1714
40777
151
1582
43003
133
63016
6782
1727
2885
5124
3708475
134418
228673
15634
94596
29653
211503
15634
72356
38056
41022
20254
213226
12704
11289
3034
722162
41645
1770211
41022
429737
0
37599
9369
20918
8392
24
94544
43003
228430
6782
30848
25448
15634
45889
0
71188
0
37155
6777
1903286
16295
1119343
1943
0
0
0
13050
100602
5124
16295
10469
0
18772
41022
16694
227
84699
508631
6777
4391
0
43597
3264
89121
41022
44730
12704
7171
40653
121146
371
0
1671555
41645
9369
27745
43243
0
0
35314
41022
190480
0
0
25588
88421
32122
124023
153673
1901893
121891
56724
52868
117158
261
78333
102542
43003
97630
43003
56094
2885
88622
0
190079
94544
18973
296
180275
94596
3970060
0
42832
220
0
28320
6777
0
48
5124
20
15634
42602
6782
76914
52954
7599
57688
12786
3813055
5124
43950
2222372
519
3863262
1727
122463
10090
330
1447004
2654558
192
1319
643941
138031
84795
37179
3004675
1662629
41022
30659
62645
126452
114
15634
67718
20348
0
44161
0
12650
113
14135
9872
250873
1658
118317
396
88622
20194
0
41022
2918
10090
0
40842
1727
722162
10259
4084150
17764
45851
29764
5124
141659
94544
13178
0
3264
0
1714
111
245737
3970060
9680
23
7268
1649025
91
43003
212978
41645
0
6777
0
1256671
27182
0
5124
26622
43003
0
48980
76912
6562
0
36066
2918
94596
204470
41743
11445
324872
6258
18930
1534358
205467
88379
18144
84795
1359631
0
0
0
41526
28630
1161
34403
30957
4561756
20881
63539
24812
44644
2192418
1727
55
10090
0
2918
0
63858
0
0
180168
36216
26730
41022
138358
28890
6777
3473669
5065
42728
302
233
22859
40593
0
693
64814
0
0
10090
5011
0
0
79226
33299
0
88421
3181
6777
121891
17007
41022
41022
0
245654
43089
16295
0
20881
0
21
14094
74956
4226266
5090
24
17149
11908
167756
53508
0
64554
0
202
87980
1408657
29527
0
16295
47535
324
25543
371
0
41022
233
1330
3813055
3664
43003
1889
13112
1778375
3869650
6777
41022
6767
123957
29239
8914
12704
100842
3473669
30712
0
40534
0
0
41022
26676
1806
508631
44644
3351833
1778375
41854
59954
31222
2391
2918
541
41022
1913385
61616
20877
0
0
0
43003
3264
6777
1646
43387
1770211
1996
28599
305870
31223
72393
682
0
1778375
57872
1534037
3512
3813055
309
7002
3265
519
41022
12704
192416
60295
5011
47297
40335
1778375
43003
2654036
16505
3819175
40266
2885
109259
615
0
24
0
1778375
5124
6053
311
94556
4927
63858
38683
197581
2918
3716736
10090
51116
17002
495
33223
6777
51444
1791
12928
43003
15470
709398
204727
30712
0
26265
138358
94544
1778375
287598
138030
615
112662
5124
3181
6782
48
2119
21945
0
1441311
37820
5124
74990
371
28589
0
63508
7011
134418
20721
15634
1476348
32253
3265
16694
0
3208827
41022
63858
202754
43003
137573
7117
7756
20761
1040
24
194521
134418
0
0
0
41645
12704
9369
37783
0
5124
3181
0
0
40827
5493
63858
0
1469
54304
0
21846
42536
4948
0
43003
41022
11743
47431
41022
17866
12704
25448
44620
1658
26203
43003
23294
709398
181
6777
3813055
43003
123961
138030
3813055
3473699
43003
313
6777
6316
27189
707
36
78
1584751
1619316
196523
236605
23524
191245
75802
100645
541
15634
755148
122136
3670179
1690608
338
0
94556
26923
4948
94544
88585
5124
1548827
189742
23
30014
5491
