1898509
2193126
6843
75786
565139
40432
101370
81026
80710
57799
19297
24753
57478
41557
6843
98100
3083311
198187
28742
337105
37846
447
29396
1553761
3686380
12704
211515
390
12928
11806
97927
27823
42157
8
12704
684
54503
53671
94
14255
0
101370
3448576
1921699
53613
40432
539802
31704
306
33353
170118
252780
33092
48946
20918
684
8943
7676
101370
3729
101370
17159
3195609
29352
12744
1907363
72586
9030
31277
45696
1770211
557714
40432
8764
1446994
57218
2657584
14255
24370
1883
271142
156737
1649025
615
19397
55
85694
2195215
10494
55
40432
3387
19979
34752
17623
39326
738
1194
16492
57751
34109
189870
33812
38611
324661
235461
40432
14255
2318414
2509516
27823
77125
15182
194000
9369
121670
73610
32299
22859
29539
55
19558
103407
2306707
3419779
101370
18865
13924
1591791
46715
101370
615
57894
179659
6843
101370
100681
101370
27336
61753
3737776
12704
3533952
539744
197487
2181113
6594
47908
72656
165189
12704
1648973
51833
54706
31034
2598436
44451
10440
31114
263007
1898509
101370
565139
4547184
43209
12704
37655
41996
31260
3419779
545509
3271
40432
40432
101370
12
217487
1106
42374
9516
58313
48975
3036
565139
195001
656580
77347
2479
65
41526
78653
63485
24238
4058
27823
40432
23689
568881
40432
60570
38593
1898509
40432
32146
147639
273849
24073
197875
205440
69263
3419779
6254
44064
1907363
1898509
3313739
60450
235274
43149
101370
20918
162399
3837224
52436
352
41526
1626096
191933
96752
41408
20308
3295
54645
119255
6843
9680
3083
83878
101370
14255
3612218
27672
3736342
6843
63911
50035
18910
40432
1897078
86
100095
378352
43592
1255931
13671
101370
16472
87050
3169824
32520
4734
3419779
71034
20918
22143
12975
3313739
1898509
28816
101370
173757
24381
12955
19790
45830
3409
50417
8943
7018
1504256
44193
1231174
446
70194
12704
21846
30378
565642
12
101815
1272037
6777
68165
103521
14906
1898509
28165
3387
3720082
4948
44
1458
51227
89318
256723
1114237
61871
147287
1501
3698
24979
6609
204758
1913884
14190
300
1898509
6843
1085
244636
46990
300
1569994
2193
176
41526
1597359
100576
39884
297
101370
64631
197875
2622
44657
40070
104740
101370
14223
87030
40432
8950
32825
4983
9049
5440
1841
40432
147343
101370
3187095
6843
44644
1775535
653183
539802
101370
13781
301761
242735
22091
1827700
17852
2331142
3831844
44596
45971
565139
773944
13184
3036
131085
1913413
27823
20918
15267
1898509
43447
52694
92511
6595
205431
101370
2600
6843
55431
10
5034
539802
166335
145311
65541
40534
2422
6609
32424
24444
225629
3419779
3252
46933
22431
101370
105158
55781
72938
808304
17734
744710
72325
3195609
28509
189793
99602
41625
42507
371
8945
30336
180503
197601
12597
310
80949
1648973
3416262
36480
55712
90065
9514
233615
101370
102686
44608
6595
39088
701
26949
101370
156806
99174
7676
16181
44608
14250
3730037
189828
271444
41526
539802
32877
211818
41526
65962
27961
40432
23038
386748
12704
11289
2959
559872
44273
1782722
40432
236225
40
41157
10149
20918
20081
1841
565531
101370
271444
7676
32032
60964
41526
51986
55339
155565
87190
39346
6843
1903903
27823
1115518
6671
66
4
930
16854
103502
11898
27823
11547
13657
18322
40432
16664
117876
97957
505804
6843
4408
55
85316
3246
89121
40432
44730
12704
14640
41903
64572
371
41109
2159468
44273
9378
96282
147639
235530
10790
35138
40432
197951
15918
14075
69293
101385
32154
653274
181199
1860602
653183
271087
44167
134191
19630
78867
111558
101370
96694
101370
59487
21580
101799
18331
239889
565531
44625
3901
180503
539744
3285183
17323
44273
63501
48241
497590
6843
8952
48
14255
11473
41526
43090
7676
101216
44405
27505
61025
57565
3419779
11898
47001
2193244
66803
3448576
27063
283426
22429
2129
1465491
3481881
19360
35778
1113362
190205
100576
38079
1548827
1662629
40432
32543
158475
181165
11304
41526
179920
17912
56828
48473
44
58978
3964
20727
17852
279968
27720
653183
49693
102605
21726
11482
40432
3036
18910
6335
42214
43941
1415862
4893
4176269
90166
46515
30533
11898
137595
565139
13178
50855
5452
13671
6595
11198
273849
4765346
1555
1841
33140
1649025
9100
101370
639795
44273
197875
7860
50347
1256671
24194
9716
11898
34488
101370
44
98657
77231
39561
6772
53898
3036
539802
204205
44025
18383
1269437
6827
19494
1538005
198540
101401
42932
98100
1364557
5017
18331
90
42763
31321
107805
34199
28905
3696518
20870
63321
64515
40534
2157551
43941
4866
18145
12
3036
9065
137624
297
72656
185679
38287
27502
40432
134183
29998
6843
2342724
45008
43463
10537
1212
22431
44031
27285
48773
75782
376
8082
23563
5043
24447
334
27901
75368
25527
101539
3437
6843
657130
54104
40432
40432
297
67158
33020
27823
18197
20877
39845
90
15485
84584
3694290
22158
235462
38128
52167
153707
51970
134262
182780
75945
316
64037
1626208
30629
352
27823
49475
8309
69948
5828
51833
40432
18639
112950
3419779
4100
101370
2001
13112
1775535
3724621
6843
40432
6777
656698
9742
9332
12704
103325
2342724
28742
12
44644
300
169358
40432
61871
10112
508631
44644
3720082
1898509
653190
62781
31243
2434
3036
61808
40432
1913884
79492
20877
35076
300
235530
101370
3249
6843
8754
43067
1770211
2061
28748
1927665
48862
164286
2326
235267
1775535
57874
1548839
3791
3419779
279
8181
8919
50651
40432
12704
197558
60295
5043
101813
43962
1898509
101370
2307405
16923
3448576
49194
44608
86834
615
638
268045
10
1775535
14255
6899
49325
557694
4983
147343
54202
202724
3036
3195609
18838
194401
16643
42643
43063
6843
145311
133276
12928
101370
34675
324661
191947
28742
300
81227
252918
565139
1775535
1245601
189728
615
294789
14255
3437
7676
32
44697
22859
254
2401018
98496
14190
64150
371
29560
61698
63723
37020
190245
459142
41526
1054597
12027
5277
16678
1363
3635617
40432
190040
202786
101370
53871
12219
35010
19857
1044
268202
218194
147399
12
235267
320
44273
12704
9369
44795
8148
14190
3437
72297
81550
38704
12663
137624
1480
113083
287620
7490
20932
44451
4948
75945
101370
40432
10236
47896
40432
14406
12704
60964
150208
24053
35521
101370
44090
559758
18052
6843
3419779
101370
653183
189728
3419779
2342724
101370
2645
6843
61679
426352
92935
96922
17781
1452969
1619424
192971
207963
24731
194111
79460
100645
61413
41526
3145569
157625
3837224
1690608
4806
11099
557714
2302
4983
565139
101476
14255
3008689
198293
1841
28816
5341
