164402
2516372
6767
77203
94544
43611
74276
80535
63140
30562
18490
17156
45
41720
6767
84950
7865
191163
30615
257683
27300
735
28252
641648
3769652
12704
207949
474
12928
11384
84758
19686
41325
12
12704
0
54129
13290
107
14133
12403
74276
3469179
1921704
511
43611
94596
30489
55
34115
0
110958
22696
47635
20918
0
0
6746
74276
735
74276
34610
3769652
18574
12763
164402
65816
189
30936
42754
1770211
94556
43611
4433
1447919
0
1761153
14133
22800
90
268749
77
1649025
615
8507
300
7223
2208279
9680
300
43611
3261
9680
12290
394
37322
687
90
297
45789
18281
134394
0
38611
503604
636
43611
14133
3798928
2454278
19686
76876
11584
197894
9369
122479
54342
25980
21846
9716
306
23
102030
2321270
3439612
74276
18973
13986
588320
144
74276
615
57636
183170
6767
74276
100681
74276
1927
40914
4556724
12704
3612218
94596
167290
2220723
7286
47472
0
1871
12704
1648973
0
0
13509
2584196
40542
1927
4727
123971
164402
74276
94544
4083943
41897
12704
18602
42708
33721
3439612
250456
1232
43611
43611
74276
0
217807
1106
40520
8920
58313
9638
3325
94544
196657
124086
75815
2065
21
15945
61449
62953
8507
4384
19686
43611
22220
94544
43611
59861
38187
164402
43611
31577
72526
255058
22540
0
192370
42921
3439612
6278
41778
164402
164402
3689948
59568
0
40141
74276
20918
123949
2580743
31457
300
15945
1619252
204675
72681
40848
11094
9680
54587
118618
6767
179
1629
32918
74276
14133
744748
12419
3804028
6767
36483
47019
18901
43611
1775375
204
0
127055
42562
1255931
0
74276
1899
15183
3613758
32459
4786
3439612
52501
20918
8284
306
3689948
164402
30597
74276
1871
24381
13253
24
47026
0
45012
0
6654
2151320
13255
1231174
155
70194
12704
21846
28516
94544
0
88379
335717
6731
39440
97794
6926
164402
2922
3261
2557291
4948
0
1029
53940
96948
254832
1118389
31746
134788
1447
758
30526
6414
236992
1921231
14101
306
164402
6767
10244
95692
48933
55
1619529
2128
2606
16018
1535218
84950
38567
0
74276
205207
0
295
43794
41970
64474
74276
14211
1707
43611
0
22696
4983
9378
345
21
43611
134788
74276
3791380
6767
40534
164402
124849
94596
74276
24
0
241389
18710
1725337
12660
2654606
3912377
15003
0
94544
765509
468
3325
131617
1921742
19686
20918
29277
141357
27246
43298
73487
26212
191947
74276
2771
6767
36082
16
4958
94596
124023
51542
31981
40534
2367
6414
32415
13273
245572
3439612
3298
10561
21846
74276
76912
24026
0
321005
22218
649604
0
3769652
30539
134394
98617
2145
43371
371
8439
12948
180539
195292
12597
310
0
1648973
3422717
38758
13510
39406
8713
150443
74276
88340
2922
6595
30588
151
12634
74276
133
97088
6248
1764
26081
14197
3834509
189785
248403
15945
94596
29825
191947
16018
65835
23848
43611
24793
239429
12704
11289
3139
643831
42837
1770211
43611
434802
0
37738
9369
20918
9130
90
94544
74276
248403
6248
29637
38818
16018
45888
0
51196
1707
37206
6767
1778335
19686
1117489
6817
0
680
0
16764
100602
14181
19686
14854
0
18342
43611
16684
457
84758
508631
6767
4418
0
44771
3322
89121
43611
44730
12704
8196
42710
51275
371
47
1336944
42837
9369
50460
81697
0
483
34829
43611
195935
0
0
33213
88377
33820
124013
169402
2671567
135863
167290
44465
117158
80546
61449
114969
74276
96694
74276
58031
2920
88374
0
191947
94544
98469
799
180539
94596
5243359
6808
42837
316
0
685100
6767
0
32
14133
746
15945
25461
6746
76000
40542
34305
61131
13077
3439612
14181
43923
2327568
952
3469179
11733
120677
19090
306
1447000
3474239
4455
1504
720941
134403
84950
23979
1534037
1649025
43611
30879
65610
153126
18611
15945
67705
17127
54587
45323
0
13892
2380
10842
44261
250803
4617
123971
798
88374
21085
2415
43611
3325
18910
0
43160
11696
643941
9326
4549347
20377
42151
30911
14181
134403
94544
13178
3321
3261
0
5031
14493
248196
4002932
0
21
14515
1685087
168
74276
497294
42837
0
6767
9679
1255931
20372
707
14133
494187
74276
0
38521
62405
6561
0
29985
3325
94596
194654
42860
14041
349089
7313
18506
1534507
198891
88347
30597
84950
1388804
42
0
0
41610
30154
96984
34473
27422
3852870
20877
62055
37751
40534
2207446
1764
8704
18874
12
3325
8270
134394
306
0
180539
35209
27752
43611
131870
30921
6767
2330416
41500
25430
333
696
21846
41795
0
8560
64782
306
0
18973
5020
0
0
247940
34746
0
88374
3548
6767
123943
28756
43611
43611
306
51710
32707
19686
0
20870
105
21
14746
62559
3852870
12864
0
19051
11807
183034
41529
0
64554
53572
202
321295
1619529
30152
300
19686
15393
8179
35160
5561
0
43611
5069
1362
3439612
4087
74276
1960
13112
164402
3829808
6767
43611
6767
166335
77199
8914
12704
97794
2330416
30615
0
40534
55
31212
43611
31746
24125
519792
40534
3722136
164402
124023
61194
31238
2391
3325
907
43611
1913884
62866
20877
0
55
0
74276
3322
6767
8752
43396
1770211
1996
29422
643831
31233
129800
717
0
164402
58018
3004675
3786
3439612
334
6822
3524
951
43611
12704
196565
60295
5020
101860
42849
164402
74276
2321270
17354
3469179
36632
2922
64772
615
3679
12828
0
164402
14133
6059
3805
94556
4970
134788
31647
193172
3325
3769652
18901
51060
18594
5623
45146
6767
51688
1657
12928
74276
15945
503604
204683
30615
55
40489
133901
94544
164402
297497
134403
615
218502
14133
3548
6746
32
29498
21846
0
1996520
98497
14145
76884
493
30619
199
77280
44707
137511
17407
15945
1411626
14138
4288
16662
0
3779122
43611
134788
197879
74276
137796
3770
34278
20918
1040
0
204249
137608
0
0
0
42837
12704
10562
98497
8282
14145
3548
0
0
38710
5129
134394
300
4383
54708
0
21698
40542
4948
53572
74276
43611
10385
47465
43611
17993
12704
38818
44923
12347
29845
74276
67078
556994
4334
6767
3439612
74276
124023
137608
3439612
2575071
74276
280
6767
18349
2054
707
39608
0
1596763
1619455
191330
236567
24404
191120
62405
100645
925
16018
1580601
123971
2580743
1690608
300
0
94556
2064
4983
94544
80009
14133
1534037
192416
21
30597
4756
