327379
1769907
6767
76876
94544
41057
88293
80483
61414
26714
2358
22796
0
43502
6767
84761
341355
192052
30620
72907
23451
183
30637
656238
3955826
12704
204683
362
12928
11390
86848
22292
39252
0
12704
0
56049
12830
68
5140
0
88293
3808297
1913469
117114
41189
94596
30489
0
33405
0
110958
26201
48461
20918
0
0
6802
88293
108
88293
18743
3851644
68091
801
726115
65776
11840
35661
41760
1770210
94556
41189
0
1447927
0
2193510
5140
37973
21
268749
77
1649025
615
8288
0
0
2194577
0
0
41189
3295
9878
12661
0
38913
659
21
0
49971
13237
63614
0
38611
628716
0
41189
5140
3326554
1577123
22292
76916
21512
204206
9369
101873
122288
26027
22711
9716
0
0
102020
2284466
3428018
88293
18703
13945
1149161
1004
88293
615
56600
179290
6767
88293
100681
88293
10842
35334
4439748
12704
3009711
94596
269172
2174823
6590
48211
0
73
12704
1648973
0
0
14086
2584196
42536
1190
1863
118118
327379
88293
94544
4389305
41974
12704
19041
41633
35661
3428018
320773
1232
41189
41189
88293
0
65062
1106
50837
2643
58313
0
2918
94544
192742
124023
75222
2062
21
21499
62522
63683
8288
4386
22292
41189
39030
94544
41189
60797
40029
327379
41189
31904
47784
235153
21273
0
192256
42621
3428018
6218
42817
726115
327379
3729583
59307
0
36211
88293
20918
121782
3329230
25788
0
21499
1432136
191933
51328
40605
7908
10978
0
89887
6767
768
520
50734
88293
5140
1554481
1863
3165268
6767
36730
48472
18973
41189
30781
54
0
245457
25348
1255931
0
88293
3985
22400
1394881
22465
4734
3428018
73642
20922
8932
0
3372237
327379
27994
88293
73
34176
12124
0
46425
0
36272
0
6762
1579569
11906
1231342
0
70194
12704
20822
30008
94544
0
89605
346524
6731
22817
99992
2168
327379
2885
3295
4513490
5048
0
340
48652
97028
251608
975186
39987
102952
1933
176
20688
6642
236646
1913978
5108
0
327379
6767
0
301314
40620
0
1472078
2128
148
21499
1438450
84942
39187
0
88293
62841
0
41
44453
18035
64468
88293
14213
25438
41189
0
22696
4970
9377
413
2
41189
57546
88293
3863344
6767
44443
327379
122067
94596
88293
0
0
281836
8468
1361281
12842
2363290
4520982
3192
0
94544
574386
416
2918
131035
1913980
22292
20922
0
307044
33069
33042
73338
1714
216062
88293
2551
6767
30621
0
4948
94596
122151
79974
50082
42589
2367
6244
32426
1661
242704
3428018
3295
0
23908
88293
62557
37615
0
527514
21385
551557
0
3851644
26467
63704
99556
130
41034
371
0
4730
184339
199683
12597
310
0
1648973
3430332
28440
12647
44754
2614
150287
88293
88403
2920
1714
32623
659
1816
88293
133
73324
6802
1727
2885
5140
3722166
134474
245244
21499
94596
34924
217845
21499
65739
27597
41189
23668
213604
12704
11289
2428
653159
43160
1770210
41189
236627
0
38585
9369
20918
8409
21
94544
88293
249242
6248
33618
40305
21499
13677
0
49371
55460
37165
6767
1349097
22292
952870
1943
707
0
86561
16854
107395
5140
22292
12829
0
18453
41189
16664
177
84734
719496
6767
4377
0
42600
3184
89121
41189
44730
12704
10840
41633
54842
371
316
1641661
43160
9369
27745
47552
0
0
33882
41189
190378
0
0
37520
89605
31868
123950
80216
2516375
122073
269172
50268
131358
261
61878
121363
88293
96581
88293
57102
2885
88589
0
205904
94544
6096
260
184339
94596
3234541
0
43160
103
0
56707
6767
0
32
5140
20
21499
42892
6746
61419
42533
7642
59671
11858
3428018
5140
43904
2220723
1461
3808297
1727
233215
10090
363
1418941
2316797
150
218
643831
63778
84759
37164
3005200
1658449
41189
31776
69832
71275
0
21499
67711
17210
0
44052
0
11983
123
9878
43871
250815
1708
121858
1423
88603
20468
0
41189
2918
18928
0
42850
1727
720941
3417
3912314
51492
45995
33618
5140
63596
94544
13178
0
3295
0
6595
111
230958
4454880
707
21
20734
1649025
0
88293
237350
43160
0
6170
0
1255931
20647
1927
5140
662859
88293
0
26215
64816
6575
0
28208
2918
94596
204923
42842
11459
353396
6583
18482
1534355
192889
88405
29573
84761
1343867
0
0
0
42779
31756
6861
34095
29159
3952224
20877
60827
32106
44519
2194645
1727
53
10090
0
2918
0
63614
0
0
184339
36211
25608
41189
131398
33311
6767
2327003
2182
42786
403
353
22859
42785
0
828
61419
0
0
10240
5011
0
329
129214
35241
0
88598
3187
6767
124023
21303
41189
41189
0
51467
26571
22292
0
20877
0
21
14227
74740
4636552
1789
0
18762
51916
181259
41529
0
64554
0
204
190251
1407111
29397
0
22292
24385
1238
37686
371
0
41057
118
1041
3445522
3714
88293
1889
13112
327379
3972957
6767
41189
6767
162399
4716
8918
12704
99992
2327003
31196
0
42525
0
0
41189
39987
2879
246384
44443
4050547
327379
156799
62271
31978
2391
2918
595
41189
1913465
75260
20877
818
0
0
88293
3184
6767
1258
42911
1770210
1997
31065
643743
31972
120984
713
0
327379
58985
1509691
3535
3428018
284
7002
3182
1449
41189
12704
196615
60295
5031
48835
41691
327379
88293
2284466
18961
3808297
40322
2920
99400
615
0
12
0
327379
5140
6053
311
94556
5031
57546
24416
189364
2918
3851644
10090
30993
15398
774
32282
6170
79312
3822
12928
88293
21499
628716
191933
31196
0
33635
131518
94544
327379
301095
63722
615
97059
5140
3187
6746
32
1275
22711
199
1436578
19405
14346
60970
371
29328
863
61810
2020
134302
19979
21499
1380090
5124
3182
16670
0
3224698
41189
63704
194004
88293
137597
9470
7861
20922
1040
24
199941
100522
0
0
0
43160
12704
12985
352
0
14346
3187
0
0
32766
5538
63614
0
1339
54675
0
21846
42098
4948
0
88293
41189
11726
48266
41189
17866
12704
40305
37246
1611
26826
88293
23612
514578
233
6767
3428018
88293
123943
63722
3428018
3473669
88293
363
6767
1019
17033
0
36
218
1584646
1619421
191082
245566
24480
193373
76914
100645
1449
21499
761858
122134
3729583
1690608
190
0
94556
1825
5052
94544
89555
5140
1509691
201711
21
27994
5362
