1778375
3164466
7120
113100
94544
41167
46280
80398
76115
24433
2307
425965
0
40227
7120
84748
1819885
196329
27537
103935
31130
337
29387
1553761
3846452
12704
211821
530
12928
12528
84696
17798
40985
0
12704
0
55138
12661
70
4996
0
46280
3797731
1924438
127253
41167
94596
31695
0
32800
4622
132318
34964
51719
22955
0
0
7048
46280
337
46280
34612
3877996
28633
5367
1778375
158096
9680
29725
40172
1787801
94556
41167
13
1419262
0
3050616
4996
23424
20
270561
77
1649025
615
14458
0
0
2288344
17033
0
41167
3290
12921
12832
1432
38684
688
19
0
58360
13551
67736
0
48683
587981
17728
41167
4996
3887749
1496309
17798
77248
21766
193683
9369
122376
44854
29975
22859
803
0
0
103437
3478025
3705462
46280
10090
13291
356000
284
46280
615
55892
184943
7120
46280
100681
46280
425965
48528
4000955
12704
3610668
94596
197374
2283980
6590
49497
0
73
12704
1649860
0
0
12832
2592253
42597
12921
1708
122136
1778375
46280
94544
5664045
40388
12704
17537
40388
29855
3705462
191754
1232
41167
41167
46280
0
320773
1106
42574
2686
58313
35002
2918
94544
199026
124023
76115
2065
19
17228
77236
61607
13475
4407
17798
41167
39066
94544
41167
59693
38534
1778375
41167
32012
92237
235287
22265
4622
192642
42545
3705462
6218
41740
1778375
1778375
4906319
56048
4622
39102
46280
22955
123943
4906319
25366
0
17228
1477927
177928
50213
40264
37101
12921
0
119545
7120
17033
2963
61163
46280
4996
1553761
1863
4078805
7120
36122
51783
18973
41167
1775535
54
0
128266
67125
1255931
0
46280
3185
1707
3610668
28383
4734
3705462
70876
22955
17986
0
4906319
1778375
29545
46280
73
36642
13553
0
46955
0
49796
0
6833
1443182
12662
1231174
0
70194
12704
22279
31109
94544
0
88440
1268334
6731
33512
99639
9398
1778375
2920
3290
4608704
4948
0
20
55293
0
254596
1138242
36906
137456
1520
176
30735
5705
231537
1931473
4996
0
1778375
7120
0
167374
43286
0
1480423
2128
148
17228
1572506
84748
38609
0
46280
320773
4622
5654
43914
41566
64488
46280
14817
699
41167
0
34753
4948
8206
229
19
41167
67721
46280
3797731
7120
44443
1778375
123949
94596
46280
0
81
689949
12187
1756712
12453
3522367
4464771
15046
0
94544
574351
340
2918
131281
1931473
17798
22955
0
7419
45475
48600
73340
1714
207935
46280
2600
7120
36285
0
4927
94596
124023
80161
79053
40534
2374
5705
31567
1810
697309
3705462
3290
0
23908
46280
76992
28355
0
190019
17342
579282
0
3877996
36498
67736
98496
0
42076
371
13
10601
184410
198204
12597
310
4622
1649860
3421952
28509
13905
45131
8844
88186
46280
88440
2920
26732
40985
331
1816
46280
133
74385
7048
1727
2920
4996
4078805
134587
248196
17228
94596
29717
207935
17228
158096
39066
41167
22207
238053
12704
11289
2760
501294
43895
1787801
41167
697047
0
38624
9369
22955
8389
1194
94544
46280
221851
7048
29716
39966
17228
13831
0
146789
1707
36285
7120
1778335
17798
1112084
6671
0
1819721
1819721
18042
103428
4996
17798
10469
0
18997
41167
17268
360
84696
587981
7120
4642
0
45606
3264
89121
41167
46819
12704
19373
40388
185148
371
0
2516381
43895
9369
27745
143919
17690
298
36871
41167
191378
0
0
35723
88440
31325
124023
171579
3470477
118485
167374
53046
117398
129466
77236
102879
46280
99815
46280
55921
2920
88440
0
202968
94544
19001
337
184410
94596
4463505
0
43895
223
0
27698
7120
0
32
4996
20
17228
43110
7048
76115
44153
80327
57537
12650
3705462
4996
49540
2344852
825
3797731
1727
149958
19081
315
1439905
3794523
295
2518
1388474
67717
84748
59417
3004675
1662629
41167
30854
65035
184286
0
17228
67808
25485
0
45513
0
12661
113
12921
9872
267901
1708
118485
710
88440
20989
0
41167
2918
10081
0
41152
1727
636560
10452
4466928
53202
46571
29716
4996
67717
94544
13178
35002
3290
0
24287
108
244921
4466928
0
19
138113
1662629
0
46280
239499
43895
4622
7120
35002
1255974
24012
9680
4996
26149
46280
0
99904
86434
6571
0
37641
2918
94596
199690
42070
11440
1250575
7102
20660
1476006
198406
88440
28144
84748
1386599
13
0
0
43856
30844
74967
33540
26750
4464771
22914
60486
39398
40534
2288122
1727
2748
18901
0
2918
0
67736
0
0
184410
36004
16157
41167
131598
28636
7120
3522367
24801
43110
320
542
23908
40623
0
1021
116068
0
0
10081
5011
0
448
79014
43927
0
88440
3290
7120
135863
24674
41167
41167
0
79296
32713
17798
0
22914
0
19
14665
75782
4464771
11966
20831
17228
7201
210206
51777
4622
64554
0
201
320773
1619358
28233
0
17798
23776
2607
37641
371
0
41167
150
2299
3705462
3672
46280
2425
13112
1778375
4447989
7120
41167
7120
653183
50483
8912
12704
99639
3522367
27537
0
50354
0
0
41167
36906
50320
587952
44443
4608704
1778375
122180
61519
31971
2391
2918
825
41167
1913978
77192
22766
0
0
17690
46280
3264
7120
1534
42199
1787801
1997
29387
501362
31007
146452
1460
17690
1778375
58128
3004675
3720
3705462
0
7690
3182
825
41105
12704
198618
60295
5011
49146
40449
1778375
46280
3478025
17305
3797731
47038
2920
101502
615
0
10549
0
1778375
4996
6047
453
94556
4927
67721
37641
196670
2918
3877996
10081
29153
17060
1021
39944
7120
79491
2526
12928
46280
17228
587981
177928
27537
0
38099
131518
94544
1778375
302144
67717
615
45910
4996
3290
7048
48
12595
22859
390
1556700
44471
4996
77094
371
30586
0
77137
24801
138148
426090
17228
1619316
4996
3182
17270
0
3579022
41167
67736
197697
46280
137549
6209
80552
22955
1039
20831
198655
67717
0
17690
0
43895
12704
9369
98617
12273
4996
3290
0
0
32766
5643
67736
0
2299
53958
0
22859
40542
4948
0
46280
41167
11480
49133
41167
37750
12704
39966
44655
1816
29551
46280
43110
587981
192
7120
3705462
46280
123945
67717
3705462
3517293
46280
8
7120
17736
2054
17033
0
1114
1439228
1479385
195258
206053
23575
195218
76115
100645
825
17228
1580561
123943
4906319
1690608
286
0
94556
26923
4948
94544
88719
4996
3004675
192637
19
29545
5700
