4856828
1854555
8016
175012
562331
42492
92569
822983
166311
93142
19298
2228915
296123
41297
7860
100871
4591218
200685
95857
335514
31725
2068
65331
4406961
4595766
230651
254431
698
228009
12384
100045
97869
44250
1501
181055
36623
56511
52031
63931
120035
127958
100501
2790912
1921935
27107
42492
540126
30493
336
33664
121150
315908
394465
50578
24006
12586
31409
6802
92569
2066
100501
390898
4244941
46624
21586
6129894
162624
135852
93466
45995
1770522
557973
42492
9812
1613932
215479
3256427
120035
48938
9601
266361
156621
1649025
680
68769
339
687809
2157551
223761
580
42492
8444
236122
67642
11758
40833
710
9271
14105
45789
32808
146478
72901
40664
1017947
133449
42492
120035
3233309
1723996
97869
157273
12580
199832
23558
403581
125748
52987
38917
826965
128
10504
103471
2311293
3105511
92569
67871
14528
1612331
12819
92569
680
62790
191040
7860
92569
100681
100501
4635617
118600
4049778
181055
5276333
545098
260506
2157551
7618
49181
268702
164669
181055
1648973
383398
222433
50539
2204597
61279
237726
96680
663086
4856828
92569
564579
4584778
121551
181055
99514
102177
99491
3105511
412861
1297
42492
42492
92569
12
237168
5887
52934
9918
58313
35889
2983
564579
204687
658211
229197
278675
8624
84819
248015
63533
106580
12124
97869
42492
44056
567443
42492
314485
67060
4856828
42492
32500
160100
248627
54429
113794
195220
160557
3105511
6490
42880
6129894
4856828
4100955
58224
102639
75510
92569
24006
654561
4100955
93981
567
84819
1780446
212295
157835
45318
94240
611116
91092
412499
7860
672597
1563
240373
100501
120035
3928514
119282
2751589
7860
119829
50475
222736
42492
6706073
8227
116213
337614
71703
1255931
112801
92569
107204
88287
3713221
465699
4786
3105511
236543
24006
109420
15946
2434622
4856828
101237
92569
164925
26420
13541
11509
48916
136592
49442
31409
6269
2599081
49336
1231174
73414
70194
181055
24459
37331
567443
16
104706
1298974
6819
192956
100843
13500
4856828
103500
3360
4030361
4983
0
274705
550742
105285
254596
1165172
86993
150713
3580
14971
438791
6034
217435
1943558
120080
623
4856828
7860
61983
223811
57046
390
1538737
2194
43587
84819
1644647
101041
63960
7881
92569
237426
113794
2366
43725
70383
398519
92569
14777
86439
42492
29677
497077
4948
26789
1108
34139
42492
149260
100501
3996070
7860
42589
4117560
673270
545054
92569
11420
1954198
358452
81641
1975044
26022
2333416
5802865
41956
279246
562331
993736
1288474
8328
131698
1944862
97869
24006
170115
3894257
70560
48330
368247
6595
216288
92569
11746
7860
68142
780
4983
545098
659432
89099
511749
59241
8731
6087
105513
77795
316819
3105511
8386
75107
40113
92569
175628
49355
299708
399645
19782
926116
383264
4244941
30044
146478
183929
53295
117245
436
9775
34633
201185
199644
12662
375
82135
1648973
2572808
28509
37148
104618
5474
248712
92569
103610
43213
26732
723406
20480
106114
92569
156874
171352
6813
68647
57427
120019
3333312
150640
248196
84819
542563
61907
238624
84819
165059
44268
42492
23822
673228
181055
11354
2815
2968475
84864
1784255
42492
404511
459
81765
39226
24006
56665
9601
562511
92569
248196
6802
51244
80556
84819
54360
214721
158931
72324
41404
7860
6125252
97869
1464288
6706
137633
2026641
2081144
27734
100286
120350
97869
9659
46845
108830
42492
17264
137129
101052
1294888
7860
4408
291
147339
6590
89121
42492
44730
181055
83617
126806
424613
436
296857
2410048
84864
12604
405099
157732
133417
46348
36924
42492
199972
216863
277596
81060
103622
33304
660629
211279
2529245
383591
237037
53049
563524
238124
247143
325465
100501
103831
92569
77715
75475
103304
228241
213908
562511
103440
376
201185
542234
4284379
13286
105350
145019
168187
740381
7860
1782
7388
120035
245150
84819
68916
6802
176352
61284
96007
62013
66690
3105511
120350
153043
2233629
58446
2478874
57581
437592
68192
4883
1605341
2318969
70999
39450
3308190
146622
101034
48237
3154691
1656155
42492
31689
202055
191792
12334
84819
456740
589335
48382
40076
0
48134
373886
583583
1347054
646566
125586
672519
70096
104406
130651
13185
42492
8328
68352
8575
168852
57581
3561938
86765
4650402
172297
44983
61928
120350
153475
564579
17243
11747
4079
112801
5031
20675
235188
4190100
116853
9271
6645814
1649025
22839
92569
504144
84864
113794
6867
47133
1256671
26648
170608
120350
1741916
92569
0
106574
176352
168655
15453
63181
8328
540126
199311
72660
76511
1300795
6774
32581
1588731
200320
103322
46494
100871
1348347
10010
228241
333
41622
37759
80743
33399
32278
4310488
24544
63289
114783
52950
2167751
57581
9197
67970
1028
8328
8236
146478
334
268702
199613
39395
28033
42492
572340
50828
7860
2378113
37756
110576
5575
122293
40113
42945
8520
48944
169474
7904
95
68531
5011
130511
2317
98035
75741
8766
103390
3479
7860
657425
72404
42492
42492
403
69873
398064
97869
226942
24544
59478
9491
14696
186475
3937428
123044
120124
95452
58534
194962
41529
133416
450380
76127
4189
238639
1726695
104761
1543
97869
68631
8610
93202
393196
383398
42492
31365
51666
3105511
3676
92569
1893
223345
4117560
3907039
7860
42492
6843
683463
15188
159098
181055
100843
2378113
95857
12
52950
70
162826
42492
86993
6406
850406
42589
4270699
4856828
656584
63379
375005
2456
8328
69894
42492
1913463
127967
24544
112124
390
133417
100501
4079
7860
1682
112437
1770522
2063
76943
3112783
379718
178756
2615
82787
4117560
62709
3127893
3696
3105511
5755
7012
3247
67304
86593
181055
199987
60295
5337
102141
42624
4856828
92569
2314542
63239
2478874
40322
43213
262535
680
86568
120066
12
5964986
120338
159604
52467
560436
4948
149260
68240
199745
8328
4244941
68504
340226
20370
48710
83416
7860
99345
63545
53277
92569
95356
1017947
213367
95857
334
89446
565840
564579
4117560
1323841
153475
680
337449
120017
3479
6802
7608
117426
38917
5496
2353596
103179
175255
210883
560
102901
225539
173085
51571
153448
10769088
84819
1058952
112694
3371
16730
3643
3168933
42492
146478
204163
92569
53946
109171
132835
24006
1044
133462
449716
146511
12
133416
0
84864
181055
29240
105730
8533
175255
3479
82666
268702
380546
12442
146478
437
51666
339156
295922
24459
52958
4983
76127
92569
42492
119473
49553
42492
1171163
181055
80556
158266
91614
63257
100501
46958
836364
41603
7860
3105511
92569
676942
146622
3105511
2364997
92569
2258
7860
61256
4154662
669610
71138
34247
2136238
1549612
200801
215713
30975
204563
170680
100645
67158
84819
4660107
665039
4267596
1690608
2295
137788
560436
996
4983
564579
102629
120017
3106887
195365
9491
101426
12443
