0
1907656
8999
27520
0
37741
47159
9105
37578
8304
28753
18523
1896
16208
8999
22043
3102777
0
41577
25964
0
13144
40789
636362
2929294
129
147666
10267
167
4077
22043
0
39707
13616
167
0
34393
42876
37423
8765
0
47159
2690985
1726417
0
37741
0
35165
68
7300
3348
81720
46777
15267
19905
0
309
10034
47159
13144
47159
30228
2312740
10
15068
0
235
0
43801
0
1947160
0
37741
50746
1303275
3776
1693966
8765
21753
4889
414647
56477
1611634
11788
0
68
6884
1967636
4503
68
37741
9733
4503
44048
1388474
36304
317299
7078
309
57982
105
73132
2208
50527
116426
3050
37741
8765
2719122
1122498
0
24014
16954
43
0
28
37681
30898
20890
26483
68
108
12819
2219589
2323690
47440
4640
6558
307270
720941
47440
11791
35458
0
8999
47159
96327
47159
13860
16228
3772523
167
1388474
0
186358
1966826
326407
21354
2966
124492
167
0
3319
0
42808
1507679
52683
0
20536
326407
0
47440
0
3804113
40434
167
0
40366
43801
2323690
201571
8078
37741
37741
47159
35311
94006
7724
46246
42387
57315
8129
9448
0
0
326407
37552
50905
4889
0
38027
57254
0
145904
0
37741
21901
0
37741
58865
22859
0
37741
8031
1148814
142093
30688
3348
0
11846
2323690
25465
23615
0
0
2772539
9638
3590
10640
47440
14877
105324
2772539
8284
22
0
1289794
151296
0
13905
13
4629
41761
42
8999
4473
167
30399
47159
8765
643743
39099
2220723
8999
27148
15354
4637
37741
0
6859
36143
1116831
0
1874275
4723
47159
18532
55153
1388474
38469
354
2323690
0
19901
0
309
2772539
0
40702
47440
123785
32332
7210
3784
126
0
31
309
27
1208640
41997
1218890
2672
68090
167
19841
0
0
9049
16126
138302
0
30114
10044
308291
0
17182
9733
2829289
2201
0
3193
0
54904
131820
1021064
20423
78000
1822755
49093
36455
96550
150550
1734182
6366
309
0
8999
41993
155247
126
68
1242765
9061
43222
0
1619316
25434
22859
309
47440
94987
3348
0
25612
106
476
47159
7655
56224
37741
1044
38551
354
7687
0
3768
37741
73132
47159
2690985
8999
46261
0
326407
0
47440
3784
1507679
224612
103
1943596
42138
1989404
3431968
1143
0
0
502449
2530
9448
18783
1742009
0
19901
198750
81
18130
17043
53
138376
156676
47440
63092
8999
32981
13257
2201
0
321127
11462
5243
44389
2413
20622
26153
38657
224602
2323690
9733
31826
20446
47440
37685
10
782
229763
11589
293936
2966
2312740
32350
73132
0
0
42096
15617
40571
16300
94556
0
16654
18990
3590
0
3473669
44467
42807
12768
48814
0
47440
16159
17182
246055
42490
0
41932
47159
56210
37156
10034
16816
17182
9060
2283980
78544
129088
0
0
40893
156676
0
4733
22914
37741
12634
380019
167
17986
79100
320744
39300
1947160
37741
225884
0
22859
0
19903
3861
7076
0
47440
142093
10034
43108
16191
0
3726
0
1020308
57221
0
8999
4
0
1022646
538666
0
3004675
1616339
127037
8391
9060
0
6636
5198
0
37741
7411
54927
22043
291866
8999
354
309
14917
9733
85580
37741
44434
167
0
40366
0
15617
3776
1714296
39300
0
0
1189085
3320
0
38014
37741
0
3776
5198
25459
16557
24146
317299
51674
1712616
317135
186358
54860
20386
144685
38027
68360
47159
0
47440
53072
17182
16126
3776
153611
0
0
13144
94556
0
3390248
398
39300
54212
3776
17542
8999
1044
7080
8765
3040
0
0
10034
38028
44456
0
55383
41743
2323690
4527
18755
1969995
0
2690985
16816
1114049
4640
209
1306948
1997353
32153
1339721
527514
75362
25434
22800
1772905
1615941
37741
26929
110478
45028
2035
0
376
6775
45858
168
0
42126
59734
4503
16282
80546
19616
326429
0
16479
0
183
37741
9448
4637
2842
35491
16816
345597
40783
3187927
193027
127
43108
9060
75362
0
26108
8129
9733
4723
138376
3102
127900
3901760
0
4898
16625
1611992
13164
47440
383326
39300
3348
8400
8134
1827247
2305
4437
4527
15978
47440
0
18692
37595
252
309
24176
9448
0
0
40547
3478
115628
27
1947160
1140203
0
16126
2213
22043
1158211
46496
3776
326429
37416
0
18580
7475
8939
2810347
19875
57651
32655
44392
1967636
16816
42442
4637
35856
9448
1947160
73132
68
2966
94556
0
539266
37741
19478
42105
8999
1989404
4919
0
199
13466
20446
24689
1947160
1366
23907
309
60961
4637
791
36703
269
7512
18756
13036
16126
9733
8999
330367
29131
37741
37741
68
32200
44783
0
5198
15118
32689
4104
11515
37520
2810347
34166
3888
0
28899
120837
53366
3348
1466
44734
25848
125527
2021408
41544
22
0
172
1947160
24176
108
3319
37741
36323
56782
2323690
1202
47159
326407
395
0
2312740
8999
37741
8999
326429
28501
139
167
10044
1989404
41577
36131
42398
68
205339
37741
20423
141693
292186
46261
2735792
0
326407
60536
35943
9216
9448
0
37741
1690117
37624
14903
3776
68
3320
47159
9733
8999
1529784
41061
1947160
9042
41572
321005
37216
141176
4047
3590
0
35169
1738290
125656
2323690
324
62
9487
0
37741
167
0
58968
791
0
21700
0
47440
2219589
28698
2690985
48850
17182
38552
11788
41618
3888
37561
0
8765
46156
1201
0
428
73132
32333
0
9448
2312740
4640
25964
13655
1366
19448
8999
17710
71841
167
47440
0
116426
151296
41577
68
31295
24110
0
0
90512
75362
11779
25964
8765
9733
10034
8168
4881
20890
334
1208640
0
5535
37609
15593
42695
0
24923
4931
78544
23397
0
1943596
3880
9487
7263
0
2775589
37741
73132
0
47440
13595
0
0
19903
326429
3888
196723
75362
35311
3590
0
39300
167
0
25964
1947160
5535
9733
44
2966
44544
97952
73132
309
56782
38084
1896
20397
46269
5561
44734
47440
37741
1229563
29946
37741
0
167
16191
28772
31895
8363
47159
0
292186
29777
8999
2323690
47440
326429
75362
2323690
2256867
47440
209
8999
36
21038
4464
2478
1388474
1354128
1242770
0
156676
140
0
39295
95714
0
0
643732
326429
2772539
91273
174
355
0
474
2201
0
24810
8765
1740294
0
4898
40702
152864
