0
1346645
3914
37673
0
38672
48303
9106
37541
8243
17348
18850
1896
15557
3914
23133
2584168
0
40402
25964
0
13144
39190
272137
2603775
129
142540
15843
161
3238
23133
0
38609
13036
129
0
34610
41752
41225
20376
0
48303
2283980
1726417
0
38672
0
34652
68
6373
3319
107625
38547
14626
80
0
309
3924
48303
13144
48303
22089
3804113
1148
17424
0
767
0
41853
0
1946211
0
38672
34431
1305819
3776
1352154
20376
21901
4388
444767
55317
1611634
11791
0
68
6886
1963134
4503
68
38672
9733
0
39684
1388474
32722
320082
4362
309
55915
0
73132
0
50226
292186
3050
38672
20376
2525893
1208640
0
24026
18354
0
0
42
22463
32532
20890
26163
68
108
14026
2219589
2330324
48303
4639
6568
332944
1388474
48303
11791
35312
0
3914
48303
96384
48303
14159
17730
3194210
129
720941
0
86088
1965099
317299
21229
2966
8295
129
0
2966
0
41575
1507679
44456
0
25336
105888
0
48303
0
3191930
39236
129
0
38779
41853
2330324
237683
8078
38672
38672
48303
36529
237350
7724
46228
44503
57345
8129
9448
0
0
317299
37585
50204
4362
0
24010
56993
0
110889
0
38672
21473
0
38672
58626
22859
0
38672
7929
1002768
126277
28994
3319
0
12928
2330324
25557
23422
0
0
2437836
9626
3319
20007
48303
0
317287
2437836
8413
22
0
1321199
134510
0
12081
0
0
20345
42
3914
4599
112
28808
48303
20376
636472
34767
2654036
3914
29073
17597
4638
38672
0
3688
32009
957858
0
1874275
4723
48303
22372
55033
901601
32202
0
2330324
0
80
0
309
2337763
0
40314
48303
8820
34366
3171
3936
87
0
0
309
0
1208640
41633
1218966
2672
68019
129
19841
0
0
8814
16166
164611
0
20121
7908
271323
0
17182
9733
2344905
0
0
1968
0
54696
128828
149195
26255
77999
142261
49103
28252
96733
142511
1739127
18959
309
0
3914
41721
82260
126
68
1268455
9061
42683
0
1150820
23133
22859
309
48303
227028
3319
0
24974
103
5
48303
4386
55151
38672
1044
38116
0
7687
0
2297
38672
73132
48303
2299263
3914
44448
0
317135
0
48303
3936
1509683
217461
109
1943596
41639
2219589
3851593
1141
0
0
334314
2554
9448
18783
1734182
0
80
193318
0
18132
18727
0
138370
142504
48303
65576
3914
30385
13287
0
0
320038
10913
40
42398
89
114595
26960
33056
224602
2330324
9733
26763
20890
48303
37844
10
782
238053
7833
293936
2966
3804113
36313
73132
0
0
39856
15609
34495
5896
94556
0
16187
16560
3319
0
2192758
44586
41632
12648
44563
0
48303
15741
17182
246651
44541
0
28786
48303
56531
37120
3924
16816
17182
47865
2157551
78552
134950
0
0
41879
142504
0
582
21753
38672
12633
375286
129
3316
41556
345597
40394
1946211
38672
224602
0
22859
0
80
4425
4368
0
48303
134950
3924
41957
18069
0
1207
0
1169289
55683
0
3914
0
0
308547
412501
0
3394518
3004675
123760
7535
16180
0
6535
5198
0
38672
2357
54276
19173
137946
3914
0
309
15183
9733
85619
38672
46406
129
0
39271
0
15619
3776
1293153
40394
0
0
1166718
3319
0
37395
38672
0
3776
5198
20515
15741
23294
317135
158218
1333056
317124
86088
52772
21892
180968
24010
74983
48303
0
48303
51548
17182
16166
3776
142497
0
0
13144
94556
0
3773041
221
40394
54226
3776
20490
3914
1044
4362
20376
2025
0
0
3924
38551
46389
0
59470
41606
2330324
16180
18754
1969796
0
2283980
16816
342592
4638
0
1305823
1996335
32589
1366321
527514
75365
23133
22800
1770241
1611992
38672
27613
89238
59643
2168
0
5
6353
20345
126
0
41619
57035
4503
16308
80586
20728
320038
0
16095
0
221
38672
9448
4638
2789
37083
16816
321005
42791
2702679
198351
127
41868
16180
75365
0
26108
8129
9733
4723
246048
2310
135273
3773041
4437
4362
18850
1611992
13612
48303
378706
40394
3319
1766
8134
1827247
3580
4353
16180
16118
48303
0
0
27481
254
309
24476
9448
0
0
41592
3143
106934
27
1946211
1520133
0
16095
2876
23133
1150998
44681
3776
317287
39262
0
0
7266
8272
3486881
19875
55778
24089
42398
1963183
16816
59204
4638
39752
9448
1946211
73132
68
2966
94556
0
539266
38672
4362
41883
3914
1996335
4028
0
0
13466
20890
24515
1946211
2597
23881
309
60760
4638
257
54602
0
5130
20292
12826
16166
9733
3914
317043
20804
38672
38672
68
15559
38116
0
5198
184
27242
4362
10948
24023
3806155
32781
3860
0
29537
65658
51600
3319
9
41671
6000
226020
1943596
40380
22
0
10
1946211
26560
108
2966
38672
32208
51609
2330324
1132
48303
373557
245
0
3804113
3914
38672
3914
320038
10
137
129
7908
1996335
40402
36180
44448
68
205626
38672
26255
62273
292306
44448
2344905
0
373711
58090
35979
9216
9448
0
38672
1687765
37802
19875
3776
68
3319
48303
9733
3914
508591
39773
1946211
9042
40379
345597
35599
939
338
3319
0
34974
1770241
853
2330324
80
48
9487
0
38672
129
0
58948
257
0
19620
0
48303
2219589
28529
2283980
42150
17182
38584
11791
42932
3860
36529
0
20870
44027
1534
0
0
73132
15610
0
9448
3804113
4639
25964
13421
2597
18515
3914
15974
61477
161
48303
0
292186
147040
40402
68
22859
7007
0
0
92200
75365
11791
25964
20376
9733
3924
4362
3994
20890
0
1150820
0
50999
27402
15611
40411
0
38074
3999
78558
76605
0
1943596
6531
9487
2548
0
2232844
38672
73132
0
48303
13595
0
0
0
317287
3860
200441
75365
36529
3319
0
40394
129
0
25964
1946211
50999
9733
44
2966
38374
169651
73132
309
51609
35118
1896
19841
44400
257
41671
48303
38672
301761
29834
38672
0
129
18069
27394
32523
7940
48303
0
292186
31215
3914
2330324
48303
316997
75365
2330324
2219589
48303
0
3914
43
20319
0
6544
1415739
1619232
1268460
0
142504
140
0
37811
95170
0
0
636362
316975
2437836
97264
0
355
0
446
0
0
24431
20376
1770241
0
4362
40314
164687
