0
1354913
5558
23868
0
40315
47667
9106
26754
8173
19941
15434
1896
17787
5558
23133
3102805
0
41568
25964
0
13144
40457
259503
2800539
152
176378
15849
175
3438
19173
0
41068
13472
152
0
22567
42853
32172
50999
0
47667
1961054
1687765
0
40315
0
35981
68
8062
3347
74409
30352
25596
0
0
309
5484
47667
13144
47667
22156
2730569
10
17660
0
8483
0
41399
0
1946211
0
40315
36533
1303999
3776
1426305
10580
21444
3812
403563
55902
1611634
11791
0
68
6887
1962377
4473
68
40315
9733
4599
44081
1388474
32707
320038
3804
309
49094
227
73135
24
38438
329826
2966
40315
50999
2228888
1208640
0
25564
20233
0
0
28
22443
32288
20890
35239
68
108
29286
1970717
1961096
47667
4640
6559
116714
1388474
47667
11799
36258
0
5558
47667
96383
47667
64784
14728
3242432
152
584860
0
98167
1962410
326407
30396
3050
31191
152
0
2966
0
41771
1507679
42406
4473
22881
26043
0
47667
0
3431968
38547
152
0
40462
40745
1961096
269059
8078
40315
40315
47667
42165
155210
7724
43939
32461
57286
8129
9448
0
0
317299
24480
51506
4042
0
39101
60278
0
62687
0
40315
21753
0
40315
58658
21846
0
40315
7424
624664
215265
29898
3347
0
12662
1961096
26767
24005
0
0
2173912
9629
3263
16134
47667
299
25973
2173912
8232
22
0
1321269
145381
0
21227
106
12771
36210
42
5558
5224
0
29754
47667
10580
278203
32300
2157551
5558
29075
20379
4640
40315
0
4399
54226
348352
0
1874275
4723
47667
17164
57188
1388474
32123
0
1961096
0
0
0
309
2173912
0
40378
47667
27098
34245
4814
3816
168
0
15
309
62
1208640
41628
1218958
2837
68015
152
0
0
0
8725
16563
53098
0
25695
7932
263173
0
17182
9733
3378032
257
0
1816
0
34455
148303
354496
22426
78004
1819721
50700
28176
97657
151296
1693372
8870
309
0
5558
41590
98167
153
68
1255931
9061
41899
0
981091
20842
22859
309
47667
145325
3347
0
24580
164
9
47667
4987
57963
40315
1044
38544
265
7687
0
2301
40315
73135
47667
1949530
5558
46302
0
317287
0
47667
3816
3004675
165285
161
1943596
44009
1966734
2578683
1314
0
0
279968
17770
9448
18783
1687765
0
0
199519
4
17683
15684
0
246055
145417
47667
62792
5558
27109
13237
257
0
105112
10874
5108
42398
0
96772
27909
28679
165852
1961096
9733
32545
20890
47667
37668
10
782
269059
7767
134890
2966
2730569
50738
73135
0
0
39892
15617
42384
34
94556
0
16827
16571
3263
0
2161988
36438
41629
12752
50603
0
47667
16563
17182
138376
36453
0
41238
47667
55676
59418
5484
16816
17182
105399
2194645
78552
142094
0
0
41899
145381
0
8483
21901
40315
13051
381235
152
3617
131197
301836
42714
1946211
40315
224588
0
21517
0
0
7801
4076
0
47667
145325
2119
41913
21155
0
1920
0
1149985
57832
0
5558
139401
0
173999
538707
0
3004675
3106584
129574
7645
17434
0
7507
5198
0
40315
4179
54276
20842
116426
5558
0
309
15033
9733
85876
40315
48602
152
0
41052
0
15617
3776
1210988
42714
0
0
1147342
3347
0
37765
40315
0
3776
5198
28238
16563
25354
326407
114584
1406606
326407
147162
52650
21135
181561
39101
75391
47667
0
47667
54989
17182
16563
3776
169174
0
0
13144
94556
0
2730505
300
42714
38475
3776
19367
5558
1044
4054
10580
1986
0
0
2119
24480
43962
0
60442
41778
1961096
8398
18756
1965296
118
1961054
16816
959169
4640
0
1305827
2219589
28965
1366321
321005
75362
20842
21787
1703837
1611882
40315
27657
103558
62927
2055
0
9
6032
36212
126
0
42972
59588
4517
16316
0
20076
326407
0
16563
0
300
40315
9448
4640
5806
34482
16816
345597
44118
3373930
204460
126
41913
8398
75362
0
24731
8129
9733
4723
138247
2657
140708
2730505
0
4054
38657
1611634
13612
47667
392248
42714
3347
7850
8134
1827247
3503
0
12961
13599
47667
0
0
24480
254
309
32600
9448
0
0
41720
3223
72574
62
1946211
1569023
0
16052
748
23133
1102228
38585
3776
317299
38589
0
0
8106
8860
2306205
0
59120
21737
46498
1962410
16816
39890
4640
39582
9448
1946211
73135
68
2966
94556
0
796007
40315
19478
43544
5558
1986896
4060
0
0
13873
20890
27329
1946211
3976
23583
309
60754
4640
257
54602
0
5138
27532
13612
16052
9733
5558
320038
25894
40315
40315
68
16931
38544
0
5198
0
29392
4054
11136
23881
3467462
32297
3776
118
29863
72348
41288
3235
9
34428
8774
189966
1943596
40322
22
0
10
1946211
28039
135
2966
40315
39266
73999
1961096
1132
47667
492217
245
0
3322259
5558
40315
5558
326407
10
137
152
7932
1986896
41568
36253
42398
68
215734
40315
22426
18153
116426
46302
2257672
0
29692
59016
37841
9216
9448
868
40315
1687765
37567
0
3776
68
3347
47667
9733
5558
1529989
39871
1946211
9042
41495
320773
35692
65678
338
3235
143801
34962
1662629
68825
1961096
0
271
9487
118
40315
152
0
58936
257
0
21801
0
47667
1970537
29246
1961054
42756
17182
38460
11791
41721
4131
41168
143801
10732
45842
1367
0
257
73135
29645
0
9448
2730569
4640
25964
12542
4021
13855
5558
16871
51146
175
47667
0
329826
151261
41568
68
19270
108896
0
0
86478
75362
11789
25964
10580
9733
2119
4048
4060
20890
0
1027806
0
6467
25261
15617
40301
0
23648
7301
78552
23779
0
1943596
5326
9487
5303
0
2158512
40315
73135
0
47667
13595
0
0
0
492217
3776
201290
75370
42165
3235
0
42714
152
0
41669
1946211
6467
9733
44
2966
34475
80615
73135
309
73999
36423
1896
19841
42406
257
34428
47667
40315
743121
29846
40315
0
152
21155
26209
32317
9585
47667
0
141106
31096
5558
1961096
47667
320038
75370
1961096
1971058
47667
0
5558
43
26075
4517
4033
1388474
1619232
1241395
0
145417
170
0
38532
95726
1366
0
278439
317837
2173912
92271
0
355
0
306
0
0
24628
50999
1706304
0
4054
40378
152960
