1662629
1260135
30852
21006
38
1846075
49726
4081
20397
21945
94337
2424
0
1827241
30852
52004
1716115
8048
2941
19032
94337
1345
8200
212560
1884670
30974
354146
51903
32256
6051
51915
103038
1889942
11634
30866
23561
0
28815
1310344
73726
31691
49726
2018200
10669
11544
1846075
303
6209
54415
0
11296
5312
38237
0
106575
23561
56617
32749
49726
1345
49726
39990
1912451
37454
1594
1662629
59423
31910
10538
94337
1827241
84
1846075
44200
829604
0
1321725
73726
105090
48464
427485
51229
0
17451
12138
52754
0
1891777
31198
54614
1846075
21169
0
27788
621619
5095
180
48636
54437
0
3314
5055
1586
31281
451039
11208
1846075
73726
1906330
1439490
103038
20273
2011
9017
17508
81172
77247
10226
102367
108
52967
29762
2274
1917430
1935961
49717
33792
5584
166
621619
49717
15208
0
7002
30852
49726
2082
49726
1616
709988
1932235
30866
621619
303
486825
1893573
210
0
11236
903
30866
0
11272
0
28853
1611634
52071
31192
94337
0
1662629
49717
38
1966374
1889942
30866
97638
1889942
10538
1935961
489845
18556
1846075
1846075
49726
8540
385013
15526
47022
38002
27969
18979
19486
38
8884
150
20334
22918
48464
103038
20925
853981
12123
0
103038
1846075
110382
39
1846075
33181
0
1662629
1846075
0
40698
98580
0
11252
8884
22914
1935961
16124
1827241
1662629
1662629
1979727
878122
11296
93625
49717
104678
0
1979727
22000
53196
103038
1478890
352593
138146
21434
3314
31254
1643889
72424
30852
32174
112214
22351
49726
73726
212930
0
2010530
30852
93635
0
35906
1846075
1770241
2563
11355
19904
29327
1695366
0
49726
1872
50959
621619
39749
32369
1935961
514041
106603
12138
53790
1979727
1662629
2627
49717
747
33558
5537
29854
97638
30877
15978
56617
8138
1368067
28055
1087359
29689
4849
30866
102272
1827241
39
9332
52180
22960
27409
93635
26990
18617
1662629
1060
21169
1900348
30987
394
6951
362168
11544
101965
0
93635
5491
1534037
31440
39610
7675
355771
1253736
73479
54992
1662629
30852
28510
486825
97118
54415
801790
19700
32750
138518
1308584
52004
284
53463
49717
383254
11252
96513
29186
3314
496
49726
5609
53391
1846075
53864
38178
30910
16935
102920
48394
1846075
5055
49726
2018200
30852
43984
1662629
0
303
49717
36550
1611992
379531
3314
1840941
28530
1929000
1882724
34701
129
38
134745
21585
19486
7109
6211
103038
106603
84334
1662629
11174
11402
124
48447
354146
49717
97
30852
93635
10535
30121
303
0
16938
17272
53960
1506
7675
1724
0
379531
1935961
21274
0
111895
49717
20890
14494
0
482827
2743
444882
11271
1912451
36004
5055
19302
129
0
11529
46306
88057
6431
8881
11200
10282
11296
0
2011548
44129
27787
21901
42097
1397
49717
52243
1060
59082
44137
460
0
49726
50515
20386
32749
1137
1060
73726
1931560
5387
98580
138518
303
10369
354146
138518
59423
110908
1846075
5588
389129
30866
7859
3736
515337
0
1827241
1846075
379531
394
126830
17164
106603
8422
48659
38
49717
98580
32749
10226
93635
138518
6438
0
42379
49926
37644
30852
1703837
103038
0
60672
0
1616929
1690674
94938
25870
73479
103038
0
0
16551
1846075
5317
11355
51623
451039
30852
31561
52742
22000
20193
2195
1846075
40168
30866
12138
1889942
353160
10207
0
1001389
0
17706
0
39564
11257
310
20
1846075
8048
0
0
93635
52760
1279
0
0
1273611
0
482827
48611
16673
169659
20925
9796
49726
19371
49717
0
1060
51693
0
354633
38
18941
1509
6431
303
1965480
12581
0
11355
0
1766
30852
53652
48578
73726
6437
138518
28967
32749
19939
43836
8399
0
28224
1935961
73479
710026
1893482
103038
2018200
1137
18575
34211
103297
804025
1972287
0
164288
509372
5075
52004
0
1652311
7063
1846075
1556
6318
24103
10616
138518
586
0
451044
96358
399
27765
0
0
0
170348
93894
0
103718
52180
11811
24784
1846075
19486
34832
11980
20246
1137
540913
27801
1965843
84865
34872
10226
73479
5075
38
11063
19515
20187
0
59391
8224
94188
1965480
30813
48716
2238
1104
6427
49717
389129
0
11252
33300
21489
1230691
4538
29478
73479
1366
49717
394
19302
20397
0
53255
93635
19486
303
9017
0
33640
34491
8138
1827241
950690
9017
52180
9712
52004
1561317
46052
0
240
1827241
1827241
13124
0
0
1984714
102272
829253
93635
43152
1896001
1137
46245
34525
9635
19486
1827241
5055
52967
11236
6433
36093
23665
1846075
18808
10205
30852
1925116
725478
29206
92494
9482
111895
1827241
1827241
725478
20890
53755
22279
35794
29664
11355
96765
22067
93635
6378
51319
21169
30852
0
93635
1846075
1846075
52754
32129
39791
103038
0
100989
0
48644
5600
20334
1984714
0
11278
138358
6583
24063
5672
11203
508
1639666
3409
386071
2624660
2817
53196
103038
13650
1827241
93635
11158
11272
1846075
93774
18392
1935961
33756
49726
210
32398
1662629
1913354
30852
1846075
30852
330
13644
22659
30866
26990
1925116
2941
8700
54080
52967
84866
1846075
93635
13650
451039
43984
1881922
1662629
0
0
6148
21352
19486
103718
1846075
1250
20890
101589
0
54415
11257
49726
21330
30852
38375
0
1827241
19140
2837
509064
6482
24143
101
11296
1662629
0
1566463
2766
1935961
92435
8104
19478
103718
1846075
30866
8855
5047
29664
1645
1827241
1662629
49717
1972281
1493
2018200
5804
1060
514377
17451
28509
11250
8698
1662629
73726
24949
249478
84
30121
5055
93635
8638
19486
1912451
34243
19200
2743
249478
93635
30852
33333
20828
32256
49717
103038
451039
352593
2941
52967
93635
19867
38
1662629
11045
5077
15183
19331
73726
21169
32749
48582
549838
102367
92435
1490690
19032
308520
20397
9994
8122
163
20925
549398
5387
2995
138518
1841391
55549
19478
5385
401
1846513
1846075
5055
8881
49717
0
13940
13542
111070
240
11278
86315
5077
8540
11296
16984
0
30866
17531
18941
1827241
308520
21169
0
11291
44193
0
5055
52742
18392
6413
0
104687
54047
31669
1639666
49717
1846075
1538987
0
1846075
618445
30866
93635
22859
0
5493
49726
29366
440157
93774
30852
1935961
49717
0
5075
1935961
1973447
49717
92435
30852
498309
81
32058
1267
621619
1464263
1478765
8048
354146
1484
8048
20290
4836
103718
138518
237387
0
1979727
0
98580
0
84
0
30825
38
51638
73726
1652311
8856
48716
2627
0
