1725306
924060
31171
19841
39
1889942
54005
4081
19938
21515
94337
2154
0
1827241
31171
53412
1649025
8051
1238
19331
94337
1345
1238
143856
1963779
32810
353736
49064
29129
5537
52061
139038
1846075
11290
32872
24483
0
27560
1639709
113207
31693
54005
1923496
184770
11544
1889942
303
5681
54277
0
11146
703
38242
0
96734
24483
52496
33334
54005
1345
54005
29881
1962932
128963
1863
1662629
0
31096
9764
94337
1827241
178
1889942
45702
814077
0
1251005
113207
108509
48209
427461
48401
0
14946
31856
52153
0
1890899
30346
54707
1889942
21936
0
27608
621619
2598
150
48212
54218
0
3314
5059
1586
26010
451140
11194
1889942
113207
1887343
1456451
139038
19841
1057
9017
17983
73596
4914
8473
104766
27
54277
14307
2274
1971265
2017967
54005
33855
5
217
621619
54005
11886
0
7001
31171
54005
4523
54005
1699
711047
1973271
32872
621619
304
380643
1891680
150
1609545
11190
721
32872
0
11194
0
27304
1611634
45477
31146
94337
0
1725306
54005
39
1961694
1889942
32872
102598
1889942
9764
2017967
389397
17372
1889942
1889942
54005
8683
482827
16784
48377
46190
2328
17732
23468
39
8883
918
10506
23014
48112
138518
19875
800305
31856
0
139038
1889942
111081
39
1889942
33151
0
1725306
1889942
0
42762
92808
0
11196
8884
21901
2017967
23843
1827241
1662629
1725306
1984714
863476
11146
93625
54005
94940
0
1984714
22351
51635
138518
968165
354383
189001
21805
3314
31273
1639661
62898
31171
31324
279478
21901
54005
113207
212560
0
1945940
31171
93635
0
33009
1889942
1649025
2480
11355
18605
28662
1601364
0
54005
1703
51605
621619
50352
30746
2017967
358196
96734
26056
52949
1906330
1725306
1238
54005
769
35486
5537
14307
103718
31426
15518
52496
8352
1444586
28656
1087359
30861
4451
32872
94973
1827241
39
9247
55233
28539
31894
93635
30545
97118
1725306
1060
21936
1965834
31374
265
9260
361631
11544
101824
217
93635
5293
1941933
19226
29993
7877
354146
137549
1036384
54218
1725306
31171
27328
380643
103038
54277
1478765
17812
31992
138518
989590
53412
0
54513
54005
382583
11196
89451
26822
3314
205
54005
5317
51748
1889942
52871
38120
31787
16084
90510
46932
1889942
5059
54005
1923461
31171
43979
1725306
0
303
54005
14307
1638881
379531
3314
1840941
28629
1971265
1969313
33884
0
39
287171
21079
23468
7099
96405
139038
96734
84337
1649025
9848
11200
0
46238
353733
54005
0
31171
93635
9994
31422
304
0
17772
12553
43054
143
7671
1444
0
379531
2017967
21936
0
99738
54005
19841
48174
0
483683
5
175129
11177
1962932
38045
5059
18943
0
0
11563
36015
88057
6449
8883
10180
9350
11146
0
1923496
38106
27267
22914
36077
1432
54005
53626
1060
3832
60734
458
0
54005
49588
19802
33334
1137
1060
110050
1921425
5387
92460
138518
303
9615
353733
138518
0
106996
1889942
1988
389128
32872
5981
3683
509064
0
1827241
1889942
379531
429
112647
17578
96734
8422
48241
39
54005
92460
33334
9776
93635
138518
7296
0
40951
51490
62857
31171
1685087
139038
0
59958
0
1704636
1690674
77940
28705
115443
139038
0
0
12612
1889942
4731
11355
53778
455886
31171
32641
53835
21338
21936
2103
1889942
4568
32872
20956
1889942
367376
11499
0
1049041
0
17144
0
50740
11186
310
0
1889942
8051
0
0
93635
50463
1666
0
23943
928098
0
381871
55811
17758
0
19875
6454
54005
19200
54005
0
1060
55233
0
353732
39
18943
1204
6449
303
2025483
24140
0
11355
0
1279
31171
52343
53568
113207
7082
138518
28655
33334
19938
41880
13814
0
27558
2017967
115443
710163
1898823
138518
1923496
1137
18506
34591
92599
814058
1924100
0
164288
512206
5071
53412
0
1652311
1104
1889942
2351
6265
24263
10074
138518
199
0
1639661
138358
265
27261
0
0
0
170250
93894
0
138398
55233
9281
26089
1889942
23468
33961
12196
29059
1137
480990
27557
1980323
84874
104918
9793
115443
5076
39
8108
17600
17683
0
3829
8224
98200
2025483
30711
48162
2423
1104
6463
54005
389129
0
11196
31114
19456
0
4278
30234
115443
455
54005
265
19357
20334
0
54218
93635
23468
303
9018
0
35287
34559
8145
1827241
1444486
9018
53506
16717
53412
1484954
54467
0
150
1827241
1827241
13124
0
0
1990363
104559
802008
93635
42104
1891680
1137
44146
33765
9928
23468
1827241
5059
54707
11190
6449
52399
23845
1889942
18402
9870
31171
1924100
704398
28602
91586
9482
99738
1827241
1827241
549558
19939
53631
20796
34783
30965
11355
80418
13334
93635
6383
55233
22045
31171
0
93635
1889942
1889942
54707
17773
38181
139038
0
102648
0
48112
15214
6961
1970620
0
11221
117318
5946
41
6039
11146
242
1639709
3412
387234
1840941
1238
51635
139038
13677
1827241
93635
11164
11194
1889942
93774
20818
2017967
33753
54005
857
32208
1725306
1962932
31171
1889942
31298
150
13671
20751
32872
30545
1924100
1238
8750
45213
54707
84869
1889942
93635
13677
451039
43979
2025500
1725306
0
0
6038
19562
23468
138558
1889942
121816
20890
95005
0
54277
11186
54005
22294
31171
96158
0
1827241
20481
1238
509064
6040
0
252
11196
1725306
0
1652311
2095
2017967
85522
8142
23416
138598
1889942
32872
8856
1993
30965
1357
1827241
1725306
54005
1971265
1270
1923496
4360
1060
5515300
14946
27556
12129
8892
1725306
113207
24933
141755
178
31422
5059
93635
8635
23468
1962932
33913
18570
19984
249478
93635
31171
16544
20828
32025
54005
138518
451140
354383
1238
54707
93635
21366
39
1725306
0
5076
11886
18556
113207
22045
33334
53573
549518
104766
90740
989590
19034
113207
19841
11650
1238
167
19972
725478
5388
3050
138518
1840941
39825
23416
4731
257
1837521
1889942
5059
8883
54005
0
13975
12761
90364
150
11229
78661
5076
8683
11191
17391
0
32872
17679
18570
1827241
113207
22045
0
11190
50338
0
5059
54218
20818
6234
0
94979
54153
31161
1639709
54005
1889942
1941933
0
1889942
598840
32872
93635
21846
0
7569
54005
28655
170459
93774
31171
2017967
54005
0
5072
2017967
1971265
54005
91055
31171
230926
54
31266
42
621619
1444575
1478890
8051
353733
1235
8051
19841
1746
138558
138518
212560
0
1984714
0
92409
0
178
0
30839
39
52074
113207
1652311
8857
48162
1238
0
