1649025
919645
29724
19841
38
1889942
48043
3381
9942
21698
94337
2182
0
1827241
32984
52213
1662629
8051
2637
19019
94337
1509
8077
175587
1903770
32016
354383
48430
30186
4878
53515
103158
1889942
10358
31524
25147
0
29224
496805
81279
32265
48043
1927376
82375
11544
1889942
303
6108
53361
9680
12558
963
32234
0
103292
25147
53508
33631
48043
1509
48043
20093
1878279
128894
2357
1704209
0
32713
9669
94337
1827241
179
1889942
44315
804656
0
940850
81279
112533
48096
427871
52828
0
14266
12562
53098
0
1890035
30445
52229
1889942
20988
0
27669
621619
2814
150
121674
53350
0
3314
5069
1848
30577
452474
11200
1889942
81279
1881181
1870516
103158
19841
1415
9019
17808
79469
5909
10758
114384
108
53710
29839
2290
1893061
1932611
48043
33640
2360
0
621619
48043
10914
0
7001
32984
48043
3115
48043
1997
710160
1888075
31524
167607
303
389704
1887964
150
0
11214
824
31524
0
11206
117
29602
1611634
41894
31975
94337
0
1649025
48043
38
1878980
1889942
31524
138478
1834001
9669
1932611
482845
24320
1889942
1889942
48043
8754
381320
22066
52968
54331
4837
19642
21388
38
8885
150
20397
24750
51442
103718
7077
799409
12156
0
103158
1889942
116806
38
1889942
33163
0
1649025
1889942
0
45253
92719
0
12558
8885
21338
1932611
12989
1827241
1704209
1649025
1896099
846874
12172
93625
48043
101203
0
1896099
21901
53698
138558
466391
354986
106573
23948
3314
32114
1639709
74638
29724
32150
193167
21901
48043
81279
68947
0
1921425
32984
93635
0
33855
1889942
1649025
2480
11355
30766
30195
1603083
0
48043
1420
52398
735912
33991
32006
1932611
352825
104537
12138
52648
1907720
1649025
2617
48043
619
41379
4878
14339
103718
31414
15518
53508
8136
1461543
30151
1087359
29925
2236
31524
101236
1827241
38
9306
54836
28345
12989
93635
28425
37598
1649025
1060
20988
1901032
31801
257
6631
358998
11544
101654
0
93635
5306
1941933
71832
28023
8007
354988
32
308553
52516
1649025
32984
30026
380356
103718
52660
1302365
20328
32415
138558
860440
52213
0
52488
48043
379787
12558
102091
29591
3314
263
48043
4662
51296
1889942
52779
30091
31816
17230
96630
48705
1889942
5059
48043
1933780
29724
42157
1662629
0
303
48043
14339
1611634
355779
3314
1840941
28979
1971265
2025500
37730
123
38
130957
20606
21388
0
1249
103158
104537
84335
1704209
11198
11194
0
8431
353736
48043
4413
32984
93635
10209
31728
303
0
17798
13770
46014
1531
8007
2786
0
354988
1932611
24499
0
113029
48043
20233
128964
0
489956
429
441592
11214
1878279
34073
5069
18944
117
0
15690
37981
88057
6444
8885
9850
12038
12558
0
1924993
34073
28780
21901
38177
1397
48043
54076
1060
59105
34098
458
0
48043
51733
7280
33631
1137
1060
50263
1921425
5387
92715
138558
303
9992
353736
138558
0
126155
1889942
11668
387967
31524
5981
3677
478083
0
1827241
1889942
355771
245
144537
17791
103292
8422
48129
38
48043
92919
33631
9777
93635
138558
6494
117
46296
49071
47686
32984
1770241
103158
502
4019
0
1615941
1690674
94808
28359
81279
103158
160688
0
12713
1889942
5537
11355
51510
178921
32984
33251
52469
21901
23381
2688
1889942
5193
31524
12156
1889942
361058
13486
0
884842
0
17338
0
52720
12235
310
0
1889942
8051
0
0
93635
51189
1418
0
170574
934220
9680
389734
47741
17021
69263
7077
6160
48043
19318
48043
0
1060
51525
0
354988
38
19357
1202
6444
303
1884548
26110
0
11355
0
1724
29724
54728
48147
81279
7179
138558
30083
33372
20397
46070
13182
0
29259
1932611
81279
710026
1891680
139038
1927376
1137
21819
35243
97817
912934
1971265
0
164288
509064
5076
52213
0
1652311
0
1889942
3991
3442
59663
10616
138558
263
0
1639709
138518
257
29752
0
0
0
28084
93894
707
103718
54076
12032
26053
1889942
21388
34380
14366
20920
1137
509064
28544
1920521
84866
103718
9731
81279
5076
38
9990
18711
24499
0
10562
8224
98270
1902495
32265
48138
2238
0
6933
48043
389129
0
12558
30357
19780
0
3897
31235
81279
1808
48043
257
19035
14877
0
54797
93635
21388
303
9018
0
34727
22648
8136
1827241
1280151
9018
52610
9862
52213
1741790
36128
0
210
1827241
1827241
13124
0
0
1969467
102596
192675
93635
45662
1890035
1137
38175
35059
9508
21388
1827241
5069
55446
11341
6448
38193
23605
1889942
20902
10428
32984
1891792
704398
29387
98335
9482
113029
1827241
1827241
139038
20400
53447
22296
35307
31646
11355
91917
16836
93635
6383
55183
22590
32984
0
93635
1889942
1889942
53686
13603
32041
103158
0
99495
0
48146
429
5906
1969467
0
12228
131598
6155
59777
5586
12558
335
1639709
3462
381871
1840941
8174
53698
103158
37472
1827241
93635
11190
11206
1889942
93774
19872
1932611
32434
48043
150
31833
1662629
1878279
32984
1889942
32984
150
128886
24302
31524
28425
1891792
2637
8536
41223
52474
84866
1889942
93635
37418
297189
42157
1899083
1649025
0
0
6523
20550
21388
138358
1889942
121776
19841
104743
0
52660
12235
48043
23381
32984
37598
0
1827241
19174
8253
471065
6644
24143
31
12507
1662629
0
1565747
2095
1932611
98019
8136
23244
138358
1889942
31524
8857
2070
31646
1179
1827241
1649025
48043
1891777
1337
1927376
893
1060
1639621
14266
29621
12138
8845
1704209
81279
25474
249478
179
31527
5059
93635
8636
21388
1878279
34075
18928
400
549518
93635
29724
13000
20271
30461
48043
103718
452474
354383
2637
52570
93635
21399
38
1662629
0
5076
15390
18929
81279
22590
33372
48101
704398
114384
92525
779365
19019
308553
19841
14991
8156
175
19875
549518
5395
3078
138558
1840941
79095
23244
4470
429
1773599
1889942
5069
8885
48043
0
13987
13019
101087
210
12129
78701
5076
8754
12507
18116
0
31524
18810
19289
1827241
308553
22590
0
11192
34098
0
5069
53544
19872
7014
0
104835
45905
31043
1639709
48043
1889942
1613669
0
1889942
618445
31524
93635
21846
0
154
48043
31029
160815
93774
32984
1932611
48043
0
5076
1932611
1973336
48043
102822
32984
145361
81
32173
42
621619
1444711
1478890
8051
353736
1708
8051
19841
2993
139038
138558
497053
0
1896099
0
98500
0
179
0
31844
38
54798
81279
1565995
8857
48138
2617
0
