1616186
704884
34789
129879
7439
1874759
47943
1795
107420
19939
10163
28986
181
1820051
34789
46328
1611992
1661
1889942
33881
85085
10349
1889942
507537
1927069
18677
76373
47084
20164
2897
46374
53216
1874759
21846
18677
8754
85085
0
707432
34796
22653
47943
1926766
9341
40768
1874759
0
4071
51125
6772
219471
707432
39946
1435
31312
8754
50315
34862
47943
10349
47943
27644
1931560
11117
18981
1616186
1782974
22926
8016743
85084
1820051
0
1874759
43456
1484085
506
945518
34796
91165
45996
65796
6483
15980
6468
1752
50393
0
1104480
22591
52193
1874759
4948
24983
0
540913
490
0
45894
53228
0
9528
1030
194
961
421890
145248
1874759
34796
1925238
635865
53216
108815
25
3411
0
0
16196
253348
99074
26439
49950
1204
74917
1938291
1899284
47943
16368
716
1002
541011
47943
6407
10169
711
34789
47943
67970
47943
28808
96678
1931560
18677
540913
0
366386
1008153
0
0
154577
76076
18677
15445
38786
1230
0
1565747
3784
22958
10169
30358
1616186
47943
7439
1927600
1890251
18677
46494
1890251
8016743
1899284
493918
7317
1874759
1874759
47943
21547
369559
6940
1871
45942
61753
0
4346
7439
2834
0
119153
0
46002
52451
108332
122201
1756
0
53216
1874759
97001
7439
1874759
0
99795
1616186
1874759
4862
2939
29956
154497
199897
2834
20925
1899284
14073
1820051
1616186
1616186
1927600
297743
158119
161
47943
30356
31802
1927600
20268
50425
52451
1230301
18084
152546
23247
9528
24273
686879
0
34789
24883
241336
20925
47943
34626
508207
85085
1971265
34789
161
1433
14548
1874759
1616186
9733
7035
217
13567
82674
709
47943
71772
32466
540913
41847
34066
1899284
234793
32270
1768
52520
1927600
1616186
1889942
47943
30833
36271
2769
1204
60017
22013
1485
50315
21352
577375
0
37355
0
62773
18677
157793
1820051
7439
22527
46322
1002
15702
161
32878
29450
1616186
29104
4948
1864850
34689
5313
0
234886
18424
30678
5427
161
1969
1662629
0
39778
25641
76295
11283
19451
51292
1616186
34789
0
396147
60964
51125
1230301
4278
30730
46746
2075675
46328
99247
49805
47943
369559
199897
31223
0
9528
43015
47943
2721
32857
1874759
51500
45704
34510
29823
30678
46109
1874759
1030
47943
1926766
34789
2068
1616186
0
0
47943
1204
1571042
425865
9528
1619901
0
1939224
1931560
16659
1229
7439
173157
0
4346
53362
11283
53216
32270
0
1611634
200257
258750
0
14523
51764
47943
0
34789
161
21846
34638
0
0
587
141
2090
31553
25190
96733
10169
425865
1899284
4948
10169
105736
47943
130901
10579
30
387967
266
174159
252472
1931560
43720
1030
34235
1229
1827241
5337
45502
0
179
2834
4130
5699
158119
15596
1893858
43885
0
19875
45618
0
47943
46322
29104
14101
46073
1328
85084
47943
7219
7577
34825
30856
29104
35202
1901036
2160
29956
46746
0
1889942
51764
52451
707432
91290
1874759
483
89783
18677
3297
38527
489956
1874759
1820051
1874759
425865
5278
116836
0
157272
0
46868
7439
47943
30787
34862
0
161
46746
51695
1230
27745
32386
37792
34789
1704636
53216
1002
14812
21774
1652311
1652311
29956
32637
34626
53216
3060
814
0
1874759
2430
41520
46376
361550
34789
31859
50444
20925
4948
64524
1874759
62993
18677
1700
1890251
411522
5487
505
548100
1874759
0
44361
36617
218139
16578
640
1874759
1661
506
813
161
46322
145554
0
774590
952733
0
377427
1017
474
360965
108332
1918460
47943
34183
47943
10175
29104
48322
506
82574
7439
33297
10349
179
0
2010530
1847
1874759
5992
506
0
34789
50369
45872
34626
0
46746
16068
34825
112615
9502
141
850976
0
1899284
34796
97678
1089424
52457
1926766
30986
2732
14064
30366
1487411
1938311
10163
194393
483991
954
46328
94449
1605606
20625
1874759
151177
794909
832895
2945
46746
29862
0
536105
58069
5313
0
85138
25754
37055
0
10175
0
37943
47255
135
1510
1874759
4346
16279
499
1481
31407
517160
0
1945940
0
58753
0
34626
954
7439
5954
592
4948
709
14330
0
30678
2010530
22025
45908
28120
16532
9671
47943
90503
1874759
199897
34221
604
0
1749
22955
34686
0
47943
5313
34345
102893
0
53642
161
4346
0
3411
1874759
16482
78
20984
1820051
631415
3411
47255
5098
46328
1384077
46094
506
0
1820051
1820051
14083
7044
1347
2010530
163573
125739
161
3163
1104731
31407
37444
12531
21846
4346
1820051
1030
49950
154577
179
39536
19135
1874759
3512
1889942
34789
1938291
2997
13561
30178
1059
105736
1820051
1820051
15023
116938
49805
19939
16589
35030
18536
30449
3555
161
9671
47255
4948
34789
0
161
1874759
1874759
50229
3627
29895
53216
814
31902
6779
47576
799
115337
2010530
10169
200257
52222
62684
4832
66127
158119
31579
707432
9733
390293
2299902
1889942
50256
53216
11052
1820051
161
199897
38786
1874759
10169
44229
1899284
32580
47943
0
17957
1616186
1931560
34789
1874759
34789
0
10731
0
18677
32878
1938291
1889942
21901
4137
50393
0
1874759
161
6340
362150
2068
1881104
1616186
30471
1943596
4228
4152
4346
53680
1874759
8418
122118
155704
505
51125
218139
47943
4538
34789
29966
1937831
1820051
4470
1889942
391529
4568
170051
31491
25090
1616186
10169
1605248
44886
1899284
29956
21544
4731
53615
1874759
18677
2722
67720
35030
62148
1820051
1616186
47943
1937262
57459
1926766
1741
29104
707432
6468
0
116977
21901
1616186
34626
0
26619
0
35207
1030
161
2274
4346
1931560
13964
34220
272
16233
161
34789
114
44270
20164
47943
52451
421890
57591
1889942
50229
161
4218
7439
1616186
78
954
6686
33788
34796
4948
34825
45882
8267
99074
30678
2075675
34492
39032
104283
6185
1889942
4012
110383
6586
2160
29201
46746
1648660
14727
4731
2598
5648
1821435
1874759
1030
2834
47943
51377
741
141
30258
0
200257
8237
1214
21547
25090
0
1874759
18677
0
33601
1820051
39032
4948
0
202476
45534
0
1030
51292
44229
4105
183
60812
2427
34952
707432
47943
1874759
1662629
0
1874759
604335
18677
161
21514
85086
48127
47943
16214
0
10169
34789
1899284
47943
0
954
1899284
1939224
47943
29956
34789
221117
27208
24394
6793
544993
618190
184296
1661
51764
96577
1661
105023
55133
38146
46746
509064
0
1927600
13758
29956
0
0
241406
34471
7439
47499
34796
1512048
2721
45908
1889942
0
