1628219
524456
34700
108509
7439
1874759
47489
1578
117150
5588
38
28049
183
1820051
34700
45799
1611634
1661
1827241
34680
38
9724
1889942
472497
2010530
17757
3824
49919
18536
2600
46627
38516
1838884
21846
18080
9174
18
0
707432
17304
19976
47489
1890204
9341
18249
1874759
0
3826
49394
6772
2829
707432
29837
1585
29551
9174
49190
34609
47489
9724
47489
19890
1952336
11017
154719
1690674
804152
23634
1889942
18
1820051
0
1874759
43946
1375459
505
530350
17304
84169
31875
41996
6465
15509
6470
1706
49392
0
1014440
23805
49571
1874759
5097
23721
0
540913
490
0
35065
49653
0
9528
770
194
885
699726
96694
1874759
17304
1853657
1478665
38516
126143
18692
3411
0
0
15037
199897
0
26581
49394
1065
73537
1936240
1899116
47489
14545
189
0
540913
47489
6040
49
711
34700
47489
74051
47489
28375
138358
1943135
18080
540913
0
121456
1030060
0
0
404
47330
18080
15944
148231
1230
0
1565995
2994
23661
38
30424
1628219
47489
7439
1928195
1874759
18080
58371
1874759
1889942
1899116
370715
6724
1874759
1874759
47489
21321
389985
6724
1871
45890
62057
0
4470
7439
2834
0
117128
0
45628
52140
114965
844374
1706
0
38516
1874759
83213
7439
1874759
0
98378
1628219
1874759
5135
389
31504
199897
118057
2834
19875
1899116
27748
1820051
1690674
1628219
1940953
1437984
2829
0
47489
29827
31215
1940953
19875
48658
52140
352461
3824
152666
31835
9528
24787
707432
0
34700
22218
48549
20925
47489
17304
507547
18
1917169
34700
0
1433
16579
1874759
1611634
9733
5889
0
14329
19860
709
47489
723
32489
540913
39914
33392
1899116
225729
29551
1695
48147
1940953
1628219
1889942
47489
3240
37925
2600
1065
60209
21784
1411
49190
21470
760875
0
481
0
61113
18080
30055
1820051
7439
21846
47164
78
21734
0
32952
29343
1628219
32557
5097
1927060
33277
3194
0
200608
41640
31504
78
0
1699
1726777
0
39753
24992
57354
11283
7077
49573
1628219
34700
0
121456
39331
49394
1230301
3585
29121
52140
447621
45799
99121
49009
47489
90867
118057
31225
0
9528
40371
47489
2477
32895
1874759
51061
37906
33642
35353
31411
11529
1874759
770
47489
1889459
34700
2098
1628219
0
0
47489
1065
1592994
425865
9528
1600311
0
1936240
1977089
5104
1230
7439
0
0
4470
52334
11283
38516
29551
0
1611634
154577
202977
39049
15166
90192
47489
0
34700
0
21846
33616
0
0
141
219
2056
31805
25640
204329
18
425865
1899116
5097
0
0
47489
102938
10362
30
389985
272
0
158537
1952336
45850
770
34677
1229
1827241
5971
45937
0
178
2834
5024
5277
2829
14848
1887964
37716
0
19875
43951
0
47489
45756
32557
14382
35754
4463
18
47489
6859
0
34210
30336
32557
34331
1887964
1890
30990
52140
0
1889942
90192
52140
707432
90539
1874759
821
89743
18080
2897
41179
482827
1874759
1820051
1874759
425865
3194
102976
0
29551
0
45628
7439
47489
30990
34609
0
0
52140
48317
1229
166
32912
60562
34700
1690674
38516
78
14497
21901
1652311
1652311
31411
32653
16815
38516
1527
814
488
1874759
2210
41508
46670
421631
34700
34285
48147
19875
5097
60897
1874759
69500
18080
1698
1874759
268501
5819
505
501194
1874759
0
13518
166
144001
18999
640
1874759
1661
505
812
0
45756
195442
0
2020900
534512
0
88072
1017
474
347086
114965
835464
47489
34925
47489
191
32557
47164
507
3824
7439
34537
7293
178
0
1924409
1510
1874759
37635
507
116977
34700
48332
45588
17304
0
52140
14796
34210
117424
2335
0
212255
0
1899116
16815
97038
1158440
58969
1890204
31372
0
13994
30858
1390393
1678460
0
81997
390383
1214
45799
96684
1605248
19522
1874759
151255
1918460
794909
2933
52140
40107
0
707432
58876
3194
0
191
25084
41309
0
0
0
52607
47164
0
1675
1874759
4470
14076
97
1785
31347
489956
0
1931795
0
59000
0
16815
954
7439
5118
0
4729
709
14506
0
30653
1924409
21543
45628
28805
16526
4379
47489
89783
1874759
118057
34676
0
0
1702
22957
16815
0
47489
3194
35118
106392
0
49573
0
4470
0
3411
1874759
7369
78
21484
1820051
760815
3411
46283
5095
45799
1381321
47923
507
0
1820051
1820051
14307
7318
1403
1963542
30909
343701
0
2048
1030060
31347
43946
11403
21846
4470
1820051
770
49394
404
178
37757
19811
1874759
3325
1889942
34700
1678460
2770
16582
30039
1058
0
1820051
1820051
16679
117010
49009
19841
16598
32908
19025
31407
141
0
3433
46283
4662
34700
0
0
1874759
1874759
49394
141
40111
38516
814
29696
0
45628
911
119481
1977089
18
0
52266
4522
0
46264
2829
31579
707432
9733
370409
1637271
1827241
48658
38516
6175
1820051
0
352
148231
1874759
0
44983
1899116
31977
47489
0
18052
1628219
1952336
34700
1874759
34781
0
10347
0
18080
32952
1678460
1827241
21901
2098
49394
0
1874759
0
10347
421631
2098
1888420
1628219
30409
950684
4050
3708
4470
53569
1874759
8418
106756
30583
505
49394
144001
47489
5317
34700
30476
1874759
1820051
3897
1827241
483683
4050
707432
39895
2742
1628219
49
1605248
44623
1899116
31254
21483
5097
53569
1874759
18080
2721
49356
32908
78303
1820051
1628219
47489
1539840
96772
1890204
888
32557
832895
6470
0
101659
22351
1628219
17304
0
27044
0
33271
770
0
2275
4470
1952336
14049
34694
272
16702
0
34700
778
44134
19313
47489
52140
699726
3824
1827241
48127
0
4218
7439
1628219
0
954
6255
34615
17304
4662
34210
45588
5613
0
30678
447621
34212
34331
108428
5973
1889942
1544
113211
3714
1890
27631
52140
1600311
29981
5097
2210
3302
1826155
1874759
770
2834
47489
51882
741
52
29542
0
172977
8238
954
21321
155116
0
1874759
18080
0
34126
1820051
34331
4662
0
155657
52081
0
770
49573
44983
4046
183
29398
2335
33300
707432
47489
1874759
1662629
0
1874759
541855
18080
0
19841
38
0
47489
13609
0
0
34700
1899116
47489
0
954
1899116
1936240
47489
30658
34700
68529
26733
25850
895
540913
1478765
1230501
1661
90114
25090
1661
119471
64480
53485
52140
509372
0
1940953
14787
30616
0
0
48868
33280
7439
47122
17304
1605248
2721
45628
1889942
0
