1611634
533634
33894
126155
7439
1820051
41147
1578
128645
0
1085
28330
183
1820051
33894
46459
1553483
1662
1889942
34279
161
9997
1889942
472682
1844587
19852
82431
45774
20479
2430
47618
53049
1820051
22296
19852
8898
161
0
219347
34985
21678
41147
1892733
9341
41793
1820051
0
4070
48633
6772
99658
2063580
31967
1435
42359
8898
48187
34713
41147
9997
41147
21745
1878848
11477
197661
1690674
707432
22908
1889942
161
1820051
0
1820051
33867
1383240
507
678813
34985
97954
45362
92024
6495
15646
5763
1702
47569
0
997160
23510
51120
1820051
5317
25966
0
540913
490
0
45386
50383
0
9528
770
194
1020
409554
195871
1820051
34985
1454628
1060000
53049
126155
182742
3411
0
0
16818
99430
0
27927
51320
931
64671
1032000
1892733
41147
14311
293
1002
540913
41147
5763
161
711
33894
41147
71831
41147
29716
96678
1845862
19852
1240821
0
88774
961295
0
0
149356
50769
19852
16183
158537
1228
0
1565747
2500
23904
161
32157
1611634
41147
7439
1857979
1874759
19852
57600
1874759
1889942
1892733
390293
7162
1820051
1820051
41147
21321
88072
7383
1871
35706
62164
0
4946
7439
2834
0
116605
0
45386
53124
126479
171696
1702
0
53049
1820051
109860
7439
1820051
0
108155
1611634
1820051
4948
166
30868
162079
120055
2834
19875
1892733
19822
1820051
1690674
1611634
1876876
1433722
26150
0
41147
30913
31043
1876876
19875
47845
52949
1230301
3794
35226
19972
9528
25908
686879
0
33894
25902
48103
5588
41147
34985
471927
161
1887964
33894
0
1433
14173
1820051
1616186
9733
41647
0
16574
19860
708
41147
0
34842
540913
33845
33698
1892733
225732
30659
1756
48100
1921425
1611634
1827241
41147
1872
44458
2209
1065
59419
22877
1411
48187
21244
1478765
0
51980
0
60971
19852
31697
1820051
7439
22431
47536
0
14561
0
32612
30337
1611634
31444
5317
1921425
33689
3194
0
225732
19760
29816
1002
0
1699
2239913
0
31791
25200
41341
11283
36383
47398
1611634
33894
0
388458
33869
50737
0
4662
29156
52949
447621
46459
108855
48870
41147
88072
120055
30256
0
9528
41969
41147
2200
32474
1820051
48118
31855
35310
41460
31619
45344
1820051
770
41147
1307183
33894
2098
1611634
0
0
41147
1065
1565747
66325
9528
1600311
0
1936240
1924409
3848
1228
7439
259
0
4946
54182
11283
53049
30659
0
1611992
131697
120055
39012
15048
57380
41147
0
33894
0
20932
34103
0
0
459
459
2098
23687
25203
98247
161
120729
1892733
5317
161
98384
41147
123481
10635
54
396147
716
0
202981
1878848
35528
770
34497
1228
1827241
6339
37931
0
175
2834
4673
6339
120055
15758
1888820
37805
0
7371
37936
0
41147
47301
31444
14862
37716
1317
161
41147
6883
0
35000
32143
31444
39032
1890146
1890
31619
52949
0
1827241
57380
52949
1918460
102729
1820051
427
62943
19852
3247
40487
379787
1874759
1820051
1820051
181725
3194
106632
0
42359
0
45362
7439
41147
31619
35000
1995478
0
52949
157
1228
166
32554
44110
33894
1759129
53049
78
15087
22682
1566105
1652311
31149
32838
34985
53049
1527
812
459
1820051
2598
41645
50278
360110
33894
33689
50383
19973
5537
66498
1820051
64324
19852
1695
1874759
405903
6463
507
571089
1874759
0
55467
301
26063
16551
640
1820051
1661
507
812
0
49642
195442
0
2021660
881453
0
389137
0
476
347086
126479
793505
41147
34313
41147
7223
31444
47536
507
90192
7439
33794
9713
175
0
1925141
1847
1874759
41705
507
158793
33894
49553
46908
34985
0
52949
14285
34713
111083
2496
141
212255
0
1892733
34985
96158
1030060
44408
1892733
31035
0
14227
31655
1419674
1936240
161
81997
483683
954
48192
104027
1605248
21145
1820051
62998
535988
686879
3116
52949
27209
118057
686879
10263
4546
0
4541
23701
41986
0
161
0
53549
47536
141
1675
1820051
4946
15140
205
1481
31801
483683
0
1846135
0
4540
0
34985
954
7439
5590
0
5317
708
14746
0
31619
1857259
21678
45380
28535
16605
6034
41147
63343
1874759
120055
34798
0
1718
1375
22930
34985
18692
41147
3194
34465
124072
0
51582
0
4946
0
3412
1874759
13812
78
21317
1820051
1060075
3411
47658
5104
46459
1378873
37926
507
0
1820051
1820051
29797
7044
1347
2010530
30753
445078
0
2098
976180
31801
37931
16632
21965
4946
1820051
770
50762
149356
175
33916
20497
1820051
3512
1889942
33894
1068440
3141
14376
29956
881
106065
1820051
1820051
19042
128460
49388
19841
16265
34466
18445
31599
607
0
10149
47536
5387
33894
0
0
1820051
1820051
49843
536
31967
53049
812
42007
0
45458
900
119395
2010530
161
154576
52412
16748
14
41318
148217
40107
707432
9733
90552
1600311
1889942
47845
53049
10187
1820051
0
18296
158537
1820051
161
44875
1892733
32427
41147
0
21163
1611634
1845404
33894
1820051
33894
0
10918
0
19852
32612
1068440
1889942
21901
2152
48633
0
1820051
0
10347
361545
2098
1921664
1611634
30566
1432786
4074
4729
4946
53701
1820051
8418
117424
155661
507
50737
26063
41147
5537
33894
30190
1874759
1820051
4087
1827241
482827
4234
535871
17985
26051
1611634
161
1605248
44203
1892733
30373
21317
5097
52814
1820051
19852
2721
62602
34466
78232
1820051
1611634
41147
1053740
145095
1892733
505
31444
1918460
5763
0
120061
21901
1611634
34985
0
26210
0
34241
770
0
2274
4946
1878848
16306
33608
489
17344
0
33894
499
44270
20470
41147
53276
409554
3794
1889942
50288
0
4431
7439
1611634
78
954
6255
34270
34985
5387
34713
47188
3457
0
31505
447621
33641
50608
119369
6834
1889942
1621
126438
2963
1890
29185
52949
1600311
42020
5097
1584
4601
1797044
1820051
770
2834
41147
52754
741
488
29936
0
156729
8238
954
21321
26051
0
1874759
19852
0
34516
1820051
50608
5387
0
201890
37795
0
770
48614
44875
4106
183
30678
2291
33664
707432
41147
1820051
1770241
0
1820051
604335
19852
0
3611
161
0
41147
14784
169519
161
33894
1892733
41147
0
954
1892733
1936477
41147
29725
33894
139814
26669
24889
914
540913
425531
1230301
1662
57380
114595
1661
112533
68219
53701
52949
475007
0
1876876
14493
30874
0
0
79055
33666
7439
47479
34985
0
2721
45380
1827241
0
