1778375
3944715
6767
80273
94544
40987
88161
80680
62548
25566
36660
427450
3622
39265
6767
85746
1822796
199804
29377
396784
31663
3853
29510
1553761
4188196
12704
245094
806
12928
12572
85746
17798
40930
26623
12704
0
53915
13213
65
14187
11575
88161
3973855
2000509
126910
40987
94596
31695
306
32219
0
252963
34964
50286
22955
0
7059
6802
88161
3853
88161
26657
4188196
36314
21527
1778375
130950
9746
28569
39590
1794229
94556
40987
9278
1464174
2385
2692440
14187
46123
1841
309535
77
1701810
615
16053
306
10175
2288122
14457
306
40987
3264
30114
11985
78
41942
659
38554
388
49776
40644
208853
0
38611
898411
0
40987
14187
3460574
1733785
17798
77557
10236
199305
9369
124788
124292
51363
38553
426086
306
47
102163
3517687
4164377
88161
11543
12594
1170102
112
88161
615
58555
190536
6767
88161
100681
88161
426086
48591
6023233
12704
3610668
94596
217065
2283980
8661
49917
0
736
12704
1651253
0
41826
12016
3158676
40542
14457
20609
144896
1778375
88161
94544
7258975
41469
12704
17560
41469
28569
4164377
347530
1232
40987
40987
88161
28
190076
1106
40520
9330
58313
9638
2918
94544
199523
167182
61722
2065
1841
17230
76340
61864
16053
4655
17798
40987
38142
94544
40987
57948
41171
1778375
40987
30404
160599
217498
20451
0
190142
40101
4164377
6218
40455
1778375
1778375
4623032
56150
0
41527
88161
22955
136748
4623032
25586
321
17230
1537775
199581
101463
41629
36324
30114
178688
121918
6767
30114
2963
50556
88161
14187
1580561
1705
3973139
6767
49401
50957
11575
40987
1778375
176
0
355505
67156
1255931
7744
88161
4893
88207
3610668
34730
4734
4164377
210263
22955
14893
388
4623032
1778375
29363
88161
707
28460
13596
47
46634
1895
51205
7059
7104
1686594
13089
1231174
369
70194
12704
24158
36752
94544
112753
88401
398242
6731
49854
99639
8657
1778375
2920
3264
3897904
4927
40022
20
282656
0
254617
1118458
42855
208843
5749
1858
24609
5648
244999
2007542
14289
312
1778375
6767
8996
217043
42635
306
1626823
2128
190
17230
1644048
85746
56622
306
88161
197487
0
359
44935
40644
64481
88161
14883
88395
40987
7102
34964
4927
8206
419
20
40987
208837
88161
3973855
6767
40534
1778375
136748
94596
88161
47
38899
440552
48941
1756712
13213
3527452
5216777
15023
42547
94544
859296
340
2918
99004
2007542
17798
22955
45713
1778375
50267
40978
73587
6595
245094
88161
2600
6767
40716
53386
4927
94596
122070
78760
78860
40534
2417
5648
31577
4680
440542
4164377
3264
11010
39399
88161
115065
43717
1326
347530
15217
558643
0
4188196
38758
208853
101780
42547
40965
371
9266
6217
195457
199523
12597
310
0
1651253
3760284
38758
13089
40101
9326
157548
88161
88401
2920
26732
40985
1028
1661
88161
133
98706
6802
1762
2920
14315
3863262
208837
217498
17230
94596
29660
245094
17230
148487
40479
40987
19905
516068
12704
11289
704692
1388474
41539
1794229
40987
443695
40079
62962
9369
22955
12745
1841
94544
88161
217498
6802
29659
40314
17230
52245
42567
155565
88251
36168
6767
1778375
17798
1139811
26732
1621
301765
167445
16824
103507
14187
17798
21307
7744
19073
40987
17356
451
85746
653171
6767
4408
312
43099
3264
89121
40987
46819
12704
23643
41469
220147
371
6469
2503769
41539
9369
142118
155565
0
3712
35778
40987
199804
21501
43251
43252
88401
31667
653183
190584
2692440
136748
217043
40555
131564
320018
76340
282372
88161
99813
88161
55245
2920
88401
2385
241521
94544
98497
3853
195457
94596
5374211
8001
41539
2128
7180
525181
6767
8784
48
14187
20
17230
67156
6802
61722
40542
80822
55751
13213
4164377
14187
49703
2592355
730
3973855
1762
360260
11575
359
1463494
2801322
552
330
1388474
208853
85746
38645
3012760
1740294
40987
30871
158129
162868
18673
17230
67764
21976
178688
46035
38809
13213
15506
30114
1600398
540615
833
138918
704
88401
117700
8001
40987
2918
11543
1821
42483
1762
1388474
13106
5374211
82923
45230
29659
14187
208853
94544
13178
9638
3264
7744
26732
18676
217498
5374211
11575
1841
426086
1995941
45647
88161
472355
41539
0
6767
84253
1255974
27378
9716
14187
25902
88161
40022
101721
61722
6554
388
38504
2918
94596
197615
41639
11459
414282
7164
32482
1547644
198741
88421
32117
85746
1399363
612
2385
179
40409
37034
101023
32567
25647
5216777
23964
60481
39154
40534
2283980
1762
9329
11575
40
2918
27060
208853
306
0
195457
35097
27502
40987
131598
28600
6767
3522367
46680
69039
359
648
39399
40547
26864
4400
97969
312
7881
11575
4993
0
542
79535
39154
342
88421
3264
6767
122134
29391
40987
40987
306
67475
34964
17798
7050
23434
21964
1841
13606
62345
5216777
1658
24
17902
52245
243067
51777
0
64554
178688
4086
61896
1433490
28288
321
17798
42367
27197
38504
2743
0
40987
141
112513
4164377
3676
88161
1889
13112
1778375
4188196
6767
40987
6767
136748
77294
8967
12704
99639
3522367
29377
28
40534
306
52968
40987
42855
27261
765292
40534
3915913
1778375
122128
60505
31224
2391
2918
730
40987
1989482
101214
23805
21501
306
0
88161
3264
6767
8775
42032
1794229
1996
29510
1388474
88870
153429
719
0
1778375
57740
3008458
3703
4164377
364
7303
3235
730
40987
12704
193204
60295
4993
102398
40391
1778375
88161
3517687
17285
3973855
49133
2920
262462
615
11736
24
28
1778375
14187
6224
472
94556
4927
208837
38504
195235
2918
4188196
11543
344732
15984
4400
43422
6767
67481
50390
12928
88161
17230
898411
199586
29377
306
35354
131598
94544
1778375
1145539
208853
615
396454
14187
3264
6802
48
45029
38553
8783
1672101
101695
14187
60777
371
29363
41989
61877
47781
208837
427446
17230
1619921
12379
3235
17356
38913
3874536
40987
208853
198809
88161
138045
14455
80560
22955
1040
24
199941
208853
28
0
320
41539
12704
9369
98617
27078
14187
3264
805
0
32766
5493
208853
312
112513
54225
3622
38525
40542
4927
178688
88161
40987
11480
49918
40987
459902
12704
40314
36835
5148
29079
88161
67140
765292
141
6767
4164377
88161
136748
208853
4164377
3525650
88161
384
6767
62628
426086
30114
122616
0
1720997
2050470
199804
245094
30144
199804
99216
100645
730
17230
1580561
136748
4623032
1690608
365
489
94556
2290
4927
94544
88401
14187
3008057
195092
1841
29363
5493
