1778335
3944580
6170
172940
94544
40995
88319
80457
77527
25566
2337
438286
0
39265
6170
90679
1822755
199902
29373
396876
32782
737
28312
3613758
4188196
12704
220478
530
12928
12652
90679
25559
40937
0
12704
0
53842
12661
99
14321
10105
88319
3846732
1924412
845476
40995
94596
30485
0
32221
0
252843
43222
50884
22955
0
0
6730
88319
737
88319
26657
4188196
94698
5548
1778335
68097
18507
29809
39605
1793918
94556
40995
55
1464026
28
2690519
14321
64526
1841
283589
77
1701810
737
25585
0
0
2288122
30862
0
40995
3720
30874
12658
330
41979
659
1841
0
49776
10887
153054
34633
38611
932526
0
40995
14321
3970304
1750456
25559
147568
21691
199311
9369
123846
125670
47963
40065
438286
0
0
102097
3517687
3846732
88319
10090
12468
620712
190
88319
737
58553
190619
6170
88319
100681
88319
438286
44798
6023233
12704
4007480
94596
58601
2283980
7364
50080
0
1871
12704
1651253
0
0
12832
3158561
40542
30862
5213
122137
1778335
88319
94544
7258975
41447
12704
22580
41447
29809
3846732
337041
1377
40995
40995
88319
0
291080
1169
40520
2718
58313
0
3357
94544
199532
653183
84472
2119
1841
25232
78930
61860
25585
4384
25559
40995
48580
94544
40995
60083
76331
1778335
40995
30337
160599
217400
20451
0
190150
42629
3846732
6218
40455
1778335
1778335
4454297
56157
0
54630
88319
22955
122137
4454297
25586
0
25232
1540644
189304
70393
40527
9334
26875
0
121167
6170
31205
1399
58984
88319
14321
3613758
20682
3977593
6170
78975
50717
10090
40995
1778335
217
144787
380073
67159
1255931
28
88319
5644
0
4007480
42988
4734
3846732
53338
22955
26892
0
4454297
1778335
29378
88319
1871
24381
13536
0
47857
10498
50123
0
6622
1664581
12661
1231174
0
70194
12704
24177
36452
94544
0
94657
1248534
6731
94250
99639
8809
1778335
2920
3720
4479863
4948
0
39495
282470
1106823
280803
664006
73423
151131
1620
770
309908
6069
218148
2007542
14321
0
1778335
6170
0
58601
41313
0
1626839
2472
593
25232
1506969
90679
64086
0
88319
526216
0
1093
45265
10887
64518
88319
14835
0
40995
0
26783
4948
8206
234
1841
40995
153054
88319
3846732
6170
40534
1778335
136748
94596
88319
0
1819885
440754
7611
1756712
12659
3526687
5216777
15023
28
94544
751334
28457
3357
59217
2007542
25559
22955
34
1778335
44392
48629
73370
1714
220478
88319
2600
6170
55533
0
4948
94596
656527
79140
130328
40534
2365
6069
31576
20978
441191
3846732
3720
5530
41269
88319
102647
56406
0
336809
15408
663811
0
4188196
26467
153054
101695
28
40964
493
42
28246
195457
199532
12597
432
0
1651253
4304832
26467
12659
42629
2730
153186
88319
94657
2920
1714
40985
17811
17650
88319
133
157490
6730
1762
2920
14321
3863262
151523
213849
25232
94596
29656
220478
25232
68078
48796
40995
18490
514970
12704
11289
2952
1415862
41475
1793918
40995
444309
169
64138
9369
22955
18889
1841
94544
88319
213849
6730
29655
44529
25232
54598
28
149068
0
36183
6170
3827411
25559
1117855
1943
1112
1822755
1822755
13126
103507
14321
25559
9629
4900
60458
40995
17286
230100
90679
663583
6170
4408
0
44200
3720
89121
40995
46819
12704
77884
41447
186125
493
0
2680855
41475
9369
27836
149068
0
0
35731
40995
199902
28
4900
65847
94657
31531
653183
155507
2690519
136748
58711
40555
249478
320018
78930
282336
88319
99850
88319
55245
2920
94657
28
215876
94544
98497
715
195457
94596
5374211
8646
41475
130182
28
525466
6170
0
32
14321
40109
25232
67159
6730
84472
40542
80706
55753
12829
3846732
14321
50262
2592355
2137
3846732
1762
384828
18874
359
1501615
2793588
13495
1298
1670472
153032
90679
62980
3012760
1740294
40995
30554
194470
113446
8640
25232
67904
27678
0
44824
513
12661
73
30874
259693
573451
17826
125959
1935
94657
67749
8646
40995
3357
23698
31
42499
1727
1607865
10483
5374211
55188
45661
29655
14321
153032
94544
13178
0
3720
28
1714
18629
217400
5374211
10105
1841
438440
1995941
53127
88319
471457
41475
0
6170
0
1255974
27278
18099
14321
494043
88319
0
101695
84472
6554
0
56179
3357
94596
199311
41593
42911
382803
6257
32446
1610014
199311
94657
32223
90679
1405990
0
28
0
40413
36736
1108891
33019
26299
5216777
23964
60488
56738
40534
2283980
1727
526
10090
0
3357
0
153054
0
0
195457
35092
27094
40995
549638
29788
6170
3522367
5302
69864
254
4172
41269
40547
0
4400
77520
0
0
10090
5011
154978
8778
106556
56738
90162
94657
3720
6170
373802
46850
40995
40995
0
282320
34964
25559
4900
23994
20381
1841
13587
77414
5216777
18960
12
25232
52015
239525
51777
0
64554
0
2246
291068
1433490
28288
0
25559
28992
13893
56179
2743
0
40995
5040
112465
3846732
3664
88319
1893
13112
1778335
4188196
6170
40995
6170
653183
46625
8912
12704
99639
3522367
29373
0
40534
0
51
40995
73423
27525
781633
40534
4559105
1778335
121668
60510
31224
2766
3357
2137
40995
1989482
101405
24365
28
0
0
88319
3720
6170
1477
42016
1793918
2341
28312
1635335
64262
172844
718
0
1778335
57739
3008458
3493
3846732
349
7240
3662
2137
40995
12704
195374
60295
5011
49483
40391
1778335
88319
3517687
15911
3846732
49133
2920
262535
737
0
12
0
1778335
14321
6047
1768
94556
4948
153054
56179
195521
3357
4188196
10090
324526
15153
4400
51124
6170
282328
65451
12928
88319
25232
932526
189309
29373
0
47745
549798
94544
1778335
220734
153032
737
294948
14321
3720
6730
32
5048
40065
8783
1669271
101695
14321
101216
493
29378
0
103291
5302
151523
438398
25232
1619799
14337
3662
17286
13429
4301970
40995
153054
199532
88319
137549
26227
80532
22955
1039
12
198942
153032
0
0
0
41475
12704
9369
98509
0
14321
3720
0
0
32766
4761
153054
0
112465
284966
0
38525
40542
4948
0
88319
40995
11480
50081
40995
455876
12704
44529
42729
19563
32994
88319
67174
781919
5092
6170
3846732
88319
166789
153032
3846732
3524885
88319
234
6170
18077
438286
31205
0
1298
1666924
2050770
199902
220478
30155
199902
139076
100645
2137
25232
3610668
136748
4454297
1690608
234
0
94556
1892
4948
94544
94657
14321
3008057
195374
1841
29378
4758
