3757984
3457421
6777
90948
628992
42040
266736
825785
79706
191254
30999
517817
64978
39300
6777
295948
3851652
201908
30078
309200
36666
21099
31042
1450607
4095945
13639
235982
530
14596
16451
298324
104764
42002
658
13639
0
57820
14582
104
78018
13167
266736
3973855
1923782
1055652
42040
609065
32392
292
32369
332
252963
22696
51728
22955
0
0
6802
266736
21099
266736
21981
4095946
35998
21632
3757984
178876
11390
29307
49657
1794228
682248
42040
9648
1463958
2189
2361844
78018
64526
24
303842
159814
1700957
800
108656
292
896449
2288122
49792
292
42040
10761
47736
32630
20338
42159
9559
38455
372
49776
39031
211827
77375
38611
1351762
9198
42040
78018
3398340
2240220
104764
82810
21648
212071
9369
160219
963706
72170
40032
514509
292
28594
102157
3517687
3395234
266736
45579
12594
625548
22976
266736
615
61251
193047
6777
266736
100681
266736
515799
157329
4696467
13639
4016818
609065
219652
2283980
8266
50552
0
165481
13639
1651253
382584
40265
100400
3159259
40542
46647
64249
135863
3757984
266736
628992
4872068
45064
13639
107250
45064
29307
3395234
345057
1232
42040
42040
266736
1857
259259
1106
42574
10163
58313
230392
5199
628992
209871
656605
158656
280372
24
102768
130801
60113
108656
16731
104764
42040
48214
679680
42040
312875
80036
3757984
42040
31998
151792
244818
31586
332
197070
192531
3395234
6307
40490
3757984
3757984
4503382
56157
332
134045
266736
22955
124041
4503382
193834
335
102768
1540644
212920
352552
46131
95994
60803
210387
156983
6777
120423
2963
60191
266736
78018
1452822
61391
3977593
6777
187033
51300
66505
42040
3197917
1671
111952
342691
42917
1255931
50444
266736
2620
87104
4400427
22465
4734
3395234
195238
22955
85879
366
4503382
3757984
28905
266736
166113
28600
15861
10552
46885
11378
53174
0
7049
1422343
27823
1231174
255816
70194
13639
24196
36752
631735
1974
298057
1274079
179796
177291
96566
8734
3757984
16807
10761
3337578
4927
15422
49628
280132
92886
262446
1134760
162446
209553
1812
687130
25121
6201
244899
2001393
112483
5341
3757984
6777
17587
219663
108124
292
1626692
4406
37764
102768
1507271
295948
82087
9005
266736
332594
332
11280
44837
39031
314987
266736
18160
101010
42040
0
22696
4927
28958
393
21
42040
211782
266736
3973855
6777
40534
3757984
124023
609065
266736
10552
1819885
442721
49812
1756712
15051
3526687
4696341
94016
40325
628992
999815
393160
5199
131261
2001393
104764
22955
15091
3757915
65845
80495
324027
26732
244899
266736
24890
6777
176303
1981
4927
609065
653183
325544
130356
40534
382628
6201
32616
62470
440927
3395234
10761
24062
41250
266736
104364
46528
69091
344825
15541
827312
382688
4095946
26653
211827
99607
40217
42339
371
10167
49847
197820
200938
12782
310
332
1651253
3888381
27078
14005
192531
10163
180305
266736
297274
16807
6631
33682
102501
62255
266736
159814
79829
6802
19305
16807
78018
3863262
210049
244818
102768
609065
30102
244899
102768
171259
65414
42040
18658
516062
13639
11289
2570
1635376
45131
1822636
42040
502519
13542
82135
13857
22955
40496
11043
628992
266736
244818
6802
30496
217890
102768
55487
41057
169169
71284
36190
6777
3757994
104764
1117986
34942
11354
1823461
1823461
14692
103502
78018
104764
17104
2221
19817
42040
20641
194252
297318
1307082
6777
4203
42182
202588
10764
89121
42040
46819
13639
78660
45064
186157
371
2646
2498268
45131
10194
32022
151792
9198
16943
230510
42040
201908
382
28027
178411
297274
85360
163194
195777
1875061
124023
219652
40555
290354
320018
130801
282264
266736
96764
266736
59626
16807
296974
48517
236236
628992
98443
19829
197820
609065
4744260
18292
45131
19819
2189
511680
6777
0
32
78018
417393
102768
67080
6802
158656
40542
80685
360474
55119
3395234
78018
45069
2592355
63890
3973855
28862
342896
66541
580
1504425
2793588
28242
77827
675334
211799
295948
81793
3008717
1740294
42040
40228
194451
172709
34053
102768
320341
26607
210387
44992
11552
30900
68277
47736
22375
619018
139644
124023
72244
296974
20746
18292
42040
5199
28811
8495
168636
88880
830820
6994
4744260
175433
45674
30496
78018
211799
628992
17122
230392
10761
50444
6631
128795
228728
4744260
13167
24
517870
1995941
21412
266736
473731
45131
332
6777
230392
1255974
26689
31932
78018
493789
266736
15422
99660
158656
7125
87827
158811
5199
609065
222875
90470
79883
389598
6561
33359
1618804
213339
296849
52052
295948
1388486
9332
48517
112
42454
37075
134307
33940
28330
4696341
23964
60452
181197
40534
2283980
88880
13214
72922
40589
5199
27312
211827
292
0
197820
36197
27094
42040
556027
33727
6777
3522367
50850
54014
324
21328
41250
40582
27188
44582
81767
87060
40
66505
4993
192994
10622
106394
181197
0
296849
10761
6777
673584
142257
42040
42040
292
369741
22723
104764
2189
23427
35136
24
14044
64390
4696341
81681
344
101254
52026
227624
51777
332
314092
186406
12455
247234
1433490
28894
335
104764
48622
27303
158811
393905
382584
42040
36212
218939
3395234
3692
266736
2370
27581
3757984
4095946
6777
42040
6777
656784
12160
145412
13639
96566
3522367
30078
1857
40534
292
14437
42040
162446
62822
1040099
40534
3344782
3757984
653183
413647
31222
10927
5199
72225
42040
1989482
85919
23798
382
292
9198
266736
10764
6777
1479
43783
1794228
4166
31042
1635704
63086
190272
380176
9198
3757984
62170
3012388
3786
3395234
418
7811
5702
63890
42040
13639
202981
60295
4993
116750
40426
3757984
266736
3517687
23417
3973855
49133
16807
218320
800
78093
344
1857
3757984
78018
235574
44739
682248
4927
211782
158811
196085
5199
4095946
28719
264732
16078
44582
147635
6777
299743
144108
14596
266736
102768
1351762
212920
30078
292
189540
563691
628992
3757984
345008
211799
658
332813
78018
10761
6802
32
50840
40032
6162
1669503
101695
112483
76846
371
28905
106885
78263
50844
210049
609044
102768
1619421
64186
5702
21991
37759
3749767
42040
211827
199632
266736
137966
132851
80450
22955
9107
344
396307
211799
1857
9198
320
45131
13639
23734
98420
27380
112483
10761
2150
0
36244
16718
211827
1170
218939
287882
64978
38525
40542
4927
186406
266736
42040
11480
50526
42040
568782
13639
217890
73544
65512
52110
266736
67112
948026
66620
6777
3395234
266736
124023
211799
3395234
3524885
266736
324
6777
316715
514531
116223
106544
24838
2346770
2050770
201908
244899
29493
201908
101185
100645
72225
102768
3703861
131227
4503382
1690608
389
69041
682248
26923
4927
628992
296768
78018
3032383
195938
24
28905
24651
