1779043
2693005
6767
87298
688613
40973
479464
900627
107605
89393
36206
78150
61387
39300
6767
103844
1820422
199818
90973
396541
31378
3853
91005
1580561
3956546
17611
220296
731
17929
12728
488105
103647
40916
40
17611
0
53478
29169
66
78118
104631
479464
3888528
2000509
187215
40973
664223
30499
312
33649
384360
132718
35093
51142
22955
0
9328
6746
479464
3853
479464
23239
3956546
28633
14081
1779043
173125
80000
73333
40217
1793918
682429
40973
10125
1463982
45554
2701172
78118
38989
23
286178
159038
1701810
5033
34509
312
59623
2288122
1516
312
40973
8706
7971
91480
33434
43347
11121
24
16138
49776
43200
201389
40230
38611
770660
384092
40973
78118
3412791
2452771
103647
135760
13076
199311
34522
122790
127706
53640
23908
17956
312
18589
102091
3517687
4017893
479464
18838
12594
1266198
29984
479464
5033
58544
190619
6767
479464
100681
479464
283284
328474
5725704
17611
4039592
664223
219001
2283980
6781
53619
383861
178689
17611
1651253
382670
53625
67619
3102805
42597
1094
113163
123944
1779043
479464
688613
6431255
41466
17611
105776
41466
73333
4017893
337041
5953
40973
40973
479464
40
347524
5986
42574
10158
58313
229517
8497
688613
199532
667558
84667
2466
23
101669
113994
60370
34509
12379
103647
40973
39056
688753
40973
339137
64143
1779043
40973
31157
151639
217498
81540
384360
193631
68155
4017893
6307
40490
1779043
1779043
4608683
56157
384360
51197
479464
22955
372863
4608683
89420
346
101669
1642075
238885
279658
39550
55692
17956
119583
121272
6767
1787
3123
147547
479464
78118
1580561
26637
3869505
6767
52799
50015
18703
40973
43780
4332
134724
370578
67177
1255931
65387
479464
107899
89370
3649616
27415
4734
4017893
213029
22955
32304
16404
4608683
1779043
103157
479464
178689
28329
13596
21484
56943
39183
51890
9328
6583
1704262
45563
1009400
59854
70194
17611
22279
28499
687393
22
483827
1266819
179796
48613
99639
8827
1779043
98100
8706
3743781
4927
40379
46711
288739
103716
240415
1141115
57905
196824
3236
6787
33329
5932
219826
2007542
79371
312
1779043
6767
1144
219001
44771
312
1478946
7212
190
101669
1579622
103844
44453
312
479464
322694
384360
1767
45913
50605
439159
479464
14873
88319
40973
9706
31248
4927
316034
5902
23
40973
201451
479464
3888528
6767
44519
1779043
127309
664223
479464
21484
932
440648
46606
1756712
61222
3526687
4774004
44266
55455
688613
990448
16241
8497
132117
2007542
103647
22955
53073
51971
79446
38332
293853
26732
219926
479464
11776
6767
61694
40
4927
664223
124908
77851
79202
44519
19953
5932
109755
108582
449272
4017893
8706
12415
38401
479464
94809
26685
60881
336809
15216
807879
382670
3956546
26467
201389
99864
55455
42906
414
10165
46092
188849
199532
12597
375
384360
1651253
3427946
26467
61050
68155
10160
82644
479464
483809
98100
26732
40472
30408
96597
479464
157278
107263
6746
81269
98100
78097
3863262
197275
217498
101669
664223
89106
219926
101669
159445
40808
40973
19184
238395
17611
11289
747502
651012
41525
1821621
40973
440865
40379
39846
23734
22955
33334
24
688613
479464
217498
6746
88358
64389
101669
54759
55281
151639
93451
36257
6767
1899107
103647
1139913
26732
137840
1819721
1819721
11447
103451
78118
103647
21307
61984
59993
40973
17354
149431
488183
793168
6767
4408
5286
69740
9050
89121
40973
46819
17611
127259
41466
196607
436
65219
2520597
41525
63169
27745
151639
384233
34350
36223
40973
199818
9050
49225
66861
483451
32128
136800
191903
2527202
127309
219012
44544
252918
291746
113994
103023
479464
100060
479464
58254
98100
483451
7242
217805
688613
98497
3853
188849
664223
5102647
17709
41525
141393
44152
603886
6767
10056
48
78118
24176
101669
67997
6746
84667
50678
80822
55750
68019
4017893
78118
494978
2592355
71823
3888528
130641
381560
18991
1222
1463425
2793066
14112
53318
741011
196824
103844
45400
3565529
1740294
40973
81270
194136
191968
19453
101669
367169
22007
119583
46035
39043
57070
15506
1786
103623
308255
18124
653183
71823
483451
20899
17709
40973
8497
18874
6335
166943
82002
656342
85254
5102647
170682
46908
88358
78118
196824
688613
14321
229517
8706
65387
26732
31544
217498
5102647
104631
23
26934
1995941
77162
479464
471239
41525
384360
6767
229461
1255974
27376
17321
78118
29365
479464
40379
102047
84667
7120
9964
66394
8497
664223
198962
41293
27055
1248940
7272
20267
1682764
199311
101557
59844
103844
1421110
10040
7242
11021
40411
29408
146914
33663
26841
4774004
22914
60486
58827
44519
2283980
82002
10125
18874
40
8497
28657
201389
312
383861
188849
35061
26730
40973
252213
87312
6767
3522367
152800
42794
2319
59831
38401
40582
28545
52148
101451
6943
1770
10999
4993
148919
13828
79535
58827
45762
101557
8706
6767
653183
54391
40973
40973
312
67944
31751
103647
62048
22914
46371
23
14094
101441
4774004
22742
383964
102078
52029
231108
51777
384360
446566
178736
524
347512
1429833
90954
346
103647
29227
28596
66394
277976
382670
40973
12135
180702
4017893
3736
479464
8494
18160
1779043
3956546
6767
40973
6767
682242
77165
54391
17611
99639
3522367
90973
40
40534
312
32292
40973
57905
77183
683867
44519
3743766
1779043
656469
60504
31221
7468
8497
71823
40973
1989482
117981
22766
8603
312
384233
479464
9050
6767
8750
79926
1793918
7309
91005
502604
110579
184865
19953
384233
1779043
59448
3012263
3834
4017893
5701
7416
8845
71823
40973
17611
192934
60295
4993
101766
40426
1779043
479464
3517687
65728
3888528
49133
98100
262681
5033
85306
384303
40
1779043
78118
57830
45216
682429
4927
201451
66394
195345
8497
3956546
18973
396650
15756
52148
51648
6767
67944
163969
17929
479464
101669
770660
238885
90973
312
72807
552542
688613
1779043
360596
196824
5023
397238
78118
8706
6746
48
152532
23908
16611
1996894
98617
105090
78223
436
103157
44925
80555
151468
197275
82559
101669
1619912
92419
8845
17354
39375
3801085
40973
201389
197101
479464
138429
34086
80502
22955
9552
383964
251743
196824
40
384233
83734
41525
17611
34522
98617
28673
105090
8706
70917
383861
42957
12657
201389
312
180702
284720
61387
22859
52765
5324
178736
479464
40973
11629
53621
40973
58725
17611
64389
102315
37206
45491
479464
42794
770660
11547
6767
4017893
479464
127309
196824
4017893
3524885
479464
10403
6767
206982
15217
1787
65869
30662
1720886
1647542
199818
219926
30363
199818
115132
100645
71823
101669
1580601
85912
4608683
1690663
2324
65101
682429
3193
4927
688613
486642
78118
3032411
192818
23
103157
12599
