1899970
3949208
6767
185020
501232
106656
267252
825660
197349
195758
37376
519236
67040
39265
6767
296182
3913431
201908
31939
345654
35113
31177
31536
1599787
4483595
53392
254656
77814
54062
16685
297520
107686
114027
2011
53392
34329
57429
33862
8624
77541
137874
267252
3973855
1924412
756839
106656
542243
47178
1616
32966
51359
252843
213158
51192
22955
34329
12208
6746
267252
31177
267252
570029
5381757
16867
17333
1899970
178876
150332
209730
49657
1793918
558579
106656
10161
1486799
45220
2893080
77541
64526
35375
318881
158694
1701810
5206
135287
1616
896471
2288122
53785
1616
106656
16624
51638
51742
57528
43976
692
45286
37690
49776
81800
80597
81791
38611
1351762
11593
106656
77541
4240783
2240220
107686
145136
12699
218791
115063
469577
960461
194954
40065
514627
1616
29318
102097
3517864
3990499
267252
71221
12594
312332
41409
267252
680
62005
193047
6767
267252
100681
267252
516477
48840
6084546
53392
4016443
542243
219652
2283980
7391
54476
51968
166589
53392
1651253
384393
101385
104860
3158561
40542
43206
97552
656584
1899970
267252
501232
7343787
103437
53392
110717
103437
209730
3990499
401253
4206
106656
106656
267252
1871
259259
4040
40520
9904
58313
987
10681
501232
210834
667179
234826
280372
35375
105354
154233
61589
135287
16731
107686
106656
48526
563007
106656
312986
81747
1899970
106656
31228
155512
213953
30715
51359
198397
192640
3990499
182603
40490
1899970
1899970
5310255
56157
51359
129446
267252
22955
657206
5310255
197318
1891
105354
1540644
216067
361681
45298
69125
65072
13106
530437
6767
65072
26923
123806
267252
77541
1644086
73999
3977593
6767
186670
50816
72559
106656
1899274
3307
701264
370573
109755
1255931
158094
267252
108574
50500
4034326
189732
4734
3990499
57269
22955
116118
91370
5310255
1899970
72191
267252
164669
24521
15870
19881
45999
152582
54561
12208
6396
2564278
52438
1231174
255816
70194
53392
24177
36308
563144
2002
299265
1378550
179796
182625
99639
8809
1899970
32131
16624
4740822
4927
7144
68111
289660
1153566
240316
1136231
179373
141206
1420
688548
486881
5781
250992
2007542
77828
6639
1899970
6767
69758
219652
109824
1616
1626622
9587
37764
105354
1507271
296182
82087
17778
267252
303807
51359
565
49262
81800
380811
267252
18724
101262
106656
22213
607825
4927
24482
948
17797
106656
80597
267252
3973855
6767
40534
1899970
657203
542243
267252
19881
1819885
448696
96288
1756712
32029
3526864
6084414
94256
111729
501232
1027843
393439
10681
132211
2007542
107686
22955
67937
1903223
97178
85085
404313
6631
254810
267252
12046
6767
192868
1994
4927
542243
663144
333408
130356
40534
384295
5781
32627
99652
451430
3990499
16624
40874
41269
267252
179970
17841
71005
401021
15541
836167
384393
5381757
30988
80597
101725
111729
78412
2983
10092
54806
197852
201937
16536
2862
51359
1651253
3888381
51195
32573
192640
9716
182238
267252
298182
32131
6745
743180
102499
112867
267252
158696
137940
6746
30583
32131
77669
3863262
84917
213953
105354
542243
309076
254810
105354
171202
48575
106656
19313
515019
53392
15228
14998
1415862
109605
1808068
106656
457534
7357
82119
23558
22955
162073
45286
501232
267252
213953
6746
67270
225168
105354
77596
111729
160209
101263
36667
6767
3770319
107686
1117477
34942
121547
1950549
1947191
18370
103501
77541
107686
15150
54998
61412
106656
21181
143387
296514
1307082
6767
4203
43484
251125
16627
89121
106656
46819
53392
130251
103437
189656
2983
67113
2739117
109605
13083
37561
155512
11593
75484
230502
106656
201908
45220
92912
200925
298161
84961
674552
175460
2184387
663163
219652
40555
290354
320018
154233
282336
267252
100589
267252
74093
32131
297861
93388
251806
501232
101601
29264
197852
542243
6107846
31874
109605
1038884
45220
715618
6767
26835
7401
77541
418091
105354
109755
6746
234826
40542
80848
360775
80233
3990499
77541
51285
2592532
76706
3973855
84365
381560
226290
404
1528222
2793765
120934
42728
956348
141205
296182
81816
3012760
1740294
106656
39372
194470
183911
36966
105354
391378
24010
13106
44966
10433
32029
125601
51448
1337727
619018
211367
667830
77183
297861
74178
31874
106656
10681
16091
21527
169266
30937
888911
84015
6107846
178331
44174
67270
77541
141205
501232
17210
987
16624
158094
24287
144927
213953
6107846
137874
35375
519161
1995941
21258
267252
470969
109605
51359
6767
1319
1255974
27251
35122
77541
494117
267252
7144
101752
234826
107372
113024
178901
10681
542243
220750
100567
74955
1287270
6396
32650
1686334
214031
297886
140128
296182
1386862
5628
93388
21
42452
36626
153758
32116
28697
6084414
24544
60489
201521
40534
2283980
30937
14414
66685
47166
10681
6522
80597
1616
51968
197852
35192
36134
106656
586874
78191
6767
3522544
9605
98101
409
165751
41269
40582
1323
57695
168967
88343
8833
71266
4993
103745
13342
106393
201521
5192
297886
16624
6767
681911
145774
106656
106656
1616
70219
612788
107686
52290
23994
51753
35375
14044
170841
6084414
124050
52216
106675
57419
185207
51777
51359
312099
37234
9248
247234
1433490
31494
1891
107686
23450
6206
178901
394101
384393
106656
84774
226279
3990499
3722
267252
1893
66938
1899970
5381757
6767
106656
6767
672887
47528
145451
53392
99639
3522544
31939
1871
40534
1616
35600
106656
179373
62808
1040099
40534
4740822
1899970
656469
413651
114259
11338
10681
77205
106656
1989482
181758
24365
45220
1616
11593
267252
16627
6767
1451
79632
1793918
10753
31536
1415862
64130
189835
384759
11593
1899970
62113
3008458
3822
3990499
4898
21834
12583
76706
106656
53392
203908
60295
4993
103950
40426
1899970
267252
3517864
24317
3973855
49133
32131
262754
5206
77965
51414
1871
1899970
77541
235574
58701
558579
4927
80597
178901
196085
10681
5381757
16044
313933
16078
57695
174875
6767
70129
179171
54062
267252
105354
1351762
216067
31939
1616
162859
594538
501232
1899970
1149134
141205
680
351766
77541
16624
6746
7401
18997
40065
13347
1669731
101695
77828
163400
2955
72191
169253
188365
18796
84917
610410
105354
1619908
77525
12583
21181
22391
4028162
106656
80597
200595
267252
137884
133773
80537
22955
1044
52216
528894
141205
1871
11593
2246
109605
53392
54691
101575
5781
77828
16624
36998
51968
487269
16718
80597
2468
226279
287786
67040
38544
40542
4927
37234
267252
106656
11480
54486
106656
457621
53392
225168
125558
109021
65204
267252
92559
948026
112328
6767
3990499
267252
657207
141205
3990499
3525062
267252
404
6767
306160
514627
64467
121571
30984
1605947
2050770
201908
254810
30142
201908
224505
100645
77205
105354
1646450
657594
5310255
1690608
404
71011
558579
1892
4927
501232
297496
77541
3008057
196901
35375
72191
24651
