1775375
2691952
6767
62745
94544
40987
88359
80656
77960
25586
34074
73527
2906
39265
6767
89566
139401
199818
29377
365400
31152
735
29401
1553761
4011405
12704
218141
530
12928
12574
89566
25248
41001
40
12704
0
53481
13256
65
14338
12269
88359
3973855
1924412
175
40987
94596
30485
306
31814
0
132318
26783
50631
22955
0
7059
6802
88359
735
88359
26657
4011405
12010
21663
1775375
172489
11532
29656
39591
1793890
94556
40987
9276
1419886
2336
2693008
14338
38228
26751
282974
77
1701810
615
16824
306
10169
2288122
0
306
40987
3270
1399
13089
1318
45534
659
26751
312
49776
52610
189836
34633
38611
768482
0
40987
14338
3589347
1736070
25248
101183
21721
198906
9369
124788
125957
53054
23352
24026
306
0
102079
3517687
3483774
88359
11575
12594
624664
190
88359
615
58559
184943
6767
88359
100681
88359
73425
48964
5725704
12704
3613758
94596
217065
2283980
7107
49505
0
736
12704
1651253
0
42886
13089
3103302
44527
707
54216
34711
1775375
88359
94544
6431255
40356
12704
22305
40356
29656
3483774
317818
1232
40987
40987
88359
40
265426
1106
50654
9355
58313
9638
2918
94544
199532
653203
77385
2062
26751
24921
78863
61590
16824
5436
25248
40987
39049
94544
40987
57947
42052
1775375
40987
30324
160599
213849
20446
0
189644
37610
3483774
6218
40455
1775375
1775375
5190591
56157
0
38513
88359
22955
123957
5190591
25586
321
24921
1626206
189294
99037
41629
59264
14158
178696
121918
6767
707
3003
54597
88359
14338
1084068
13333
3886843
6767
42735
50818
11575
40987
1775375
4104
0
370504
41869
1255931
4437
88359
4560
88319
3613758
26550
4734
3483774
51170
22955
18432
312
5190591
1775375
29486
88359
707
30372
13596
0
46998
12269
50541
7059
7132
1709838
13256
1231174
369
70194
12704
22279
29100
94544
106
88401
1268416
6731
32354
99639
8824
1775375
3410
3270
3965306
4927
322
20
285286
0
240163
1202117
41061
189839
2075
4471
24609
5648
218141
1931943
14338
312
1775375
6767
10447
217065
42232
306
1478838
2128
141
24921
1584688
89566
56629
306
88359
287104
0
1097
45358
52610
64481
88359
14883
94435
40987
7056
26783
4927
8206
419
23
40987
189836
88359
3973855
6767
42589
1775375
123971
94596
88359
0
928
440552
47943
1756712
13089
3526687
5190591
15023
44902
94544
752823
22841
2918
83594
1931943
25248
22955
44853
1775375
55547
44777
73587
6595
218141
88359
3299
6767
37842
52
4927
94596
124769
76822
78566
40534
19953
5648
31576
17029
440642
3483774
3270
96
23908
88359
62056
9891
489
317818
15217
558643
0
4011405
30421
189836
98445
44902
40934
371
9262
10706
192148
199532
12597
310
0
1651253
3430274
30421
13089
37610
9314
182645
88359
88401
3410
9545
32766
1202
21669
88359
133
98684
6802
2252
3410
14354
3863262
189842
213849
24921
94596
28572
218141
24921
158885
39009
40987
19306
238053
12704
11289
2588
653159
41479
1793890
40987
440552
54
40195
9369
22955
8705
1841
94544
88359
213849
6802
28571
35422
24921
52245
44982
154587
94435
36061
6767
1778375
25248
1139057
26732
9680
1819721
1819721
13423
103483
14338
25248
16500
12032
61660
40987
17356
223
89566
778453
6767
4408
312
41879
3270
89121
40987
46819
12704
23291
40356
187665
371
3312
2659213
41479
9369
27745
154587
0
0
34792
40987
199818
2336
12032
36926
88401
31285
167220
156014
2517395
123971
217065
42609
103678
291746
78863
102915
88359
99773
88359
55245
3410
88401
2336
215227
94544
98420
735
192148
94596
5190591
8392
41479
221
2336
827865
6767
8779
32
14338
20
24921
67154
6802
77385
50678
80685
55751
12016
3483774
14338
49832
2592355
2072
3973855
2252
384750
11575
389
1439766
2793066
62
90
1388474
189836
89566
39870
3008717
1740294
40987
30547
64978
148858
8635
24921
67764
21973
178696
46034
460
13089
15506
1399
10253
567345
18670
124769
1870
88401
64166
8392
40987
2918
11575
68535
42196
2252
643743
10726
5190591
53084
41840
28571
14338
189836
94544
13178
9638
3270
4437
26732
18637
213849
5190591
12269
26751
69225
1995941
22666
88359
269467
41479
0
6767
84253
1255974
27376
17321
14338
28395
88359
322
98495
77385
6554
312
38440
2918
94596
199041
41596
11459
1265504
7132
18357
1522506
199016
88401
42905
89566
1386494
2714
2336
0
40410
29840
96971
32126
26301
5190591
22914
60495
33889
40534
2283980
2252
8959
11575
106
2918
27060
189836
306
0
192148
35251
27094
40987
139038
29680
6767
3522367
50712
67140
384
668
23908
40547
26993
6737
94098
312
7849
11575
4993
0
536
104610
33889
342
88401
3270
6767
135863
29203
40987
40987
306
65728
26783
25248
12090
22914
10561
26751
14044
100781
5190591
13333
12
24921
52245
215987
51777
0
64554
89322
1225
172468
1429833
29377
321
25248
20766
27197
38440
2743
0
40987
62
117814
3483774
3676
88359
1889
13112
1775375
4011405
6767
40987
6767
168131
3659
8912
12704
99639
3522367
29377
40
40534
306
52848
40987
41061
24125
765325
42589
3965291
1775375
122137
60504
31221
2391
2918
2072
40987
1989482
76884
22766
2336
306
0
88359
3270
6767
8921
40901
1793890
1996
29401
653159
31223
158227
719
0
1775375
57750
3007961
3936
3483774
409
6693
3235
2072
40987
12704
195076
60295
4993
113070
40391
1775375
88359
3517687
15915
3973855
46919
3410
98552
615
10754
12
40
1775375
14338
6047
1768
94556
4927
189836
38440
195521
2918
4011405
11575
171041
15472
6737
47906
6767
269105
115777
12928
88359
24921
768482
189294
29377
306
35238
139038
94544
1775375
288036
189836
615
210737
14338
3270
6802
32
50654
23352
11247
1601519
98420
14338
77395
371
29486
42922
62590
50522
189842
30122
24921
1619813
14354
3235
17356
460
4694304
40987
189836
199532
88359
137561
14051
80304
22955
1039
12
199941
189836
40
0
320
41479
12704
9369
98420
27078
14338
3270
1675
0
49247
5436
189836
312
117814
53915
2906
22403
50678
5202
89322
88359
40987
11480
49507
40987
44997
12704
35422
36835
13286
32704
88359
67111
669152
62
6767
3483774
88359
123971
189836
3483774
3524885
88359
394
6767
62550
14545
1399
43175
1004
1713940
1479091
199818
218141
30143
199818
81899
100645
2072
24921
1084068
123971
5190591
1690608
389
1127
94556
2124
4927
94544
88400
14338
3004675
194747
26751
29486
5436
