1899125
4038554
6767
167602
692525
41153
101206
81018
130977
107451
36207
2530036
59060
39299
6767
103861
1822755
199832
29080
331467
32497
3853
30154
3613824
3191631
12704
217157
7430
13547
12494
100270
107198
42165
19
12704
1283
53470
49659
97
14258
143030
101206
3927587
1924883
180576
41153
609600
43581
1487
32987
383791
112363
290672
51737
22955
1283
9315
6746
101206
3853
101206
18818
3191631
26800
17781
1899125
171157
12747
87594
39590
1794229
632107
41153
9503
1545964
45687
2756117
14258
64528
29270
286453
156717
1649025
676
30521
1487
85776
2288122
30668
1487
41153
9107
28680
60069
30895
40289
9469
29270
17817
49776
23161
190194
46589
42719
1254253
383551
41153
14258
3889045
2373406
107198
181174
13217
195157
10072
122389
124468
32810
40411
511164
1487
14395
102103
2767392
3892380
101206
18838
12594
1166100
20645
101206
2176
56685
190447
6767
101206
100681
101206
1926170
136955
4993842
12704
4393675
609600
219674
2283980
8186
50911
268580
179885
12704
1651253
71672
46557
72053
2932747
52958
32036
28767
653183
1899125
101206
692525
5629164
41527
12704
108564
41527
87594
3892380
409996
3127
41153
41153
101206
31
325578
2945
50654
5234
58313
229405
8795
692525
199595
653294
128185
61620
29270
105202
80503
61160
30521
12467
107198
41153
65149
637127
41153
59727
71658
1899125
41153
31885
160209
244943
82720
383791
195300
103940
3892380
6255
40551
1899125
1899125
4043957
57531
383791
122736
101206
22955
653183
4043957
63046
1487
105202
1700910
210738
278231
39493
23119
95980
77054
119369
6767
62949
26923
104489
101206
14258
3615308
43943
4035562
6767
78453
49754
10999
41153
1778909
230
104074
378351
71263
1255931
39705
101206
81746
88937
4011424
26550
4734
3892380
68147
22955
25837
18158
4043957
1899125
29080
101206
179469
28460
13495
14409
45954
24599
53206
9315
6561
1707005
48088
1231174
17976
70194
12704
23317
36816
689311
31
102399
1302661
56224
58524
99695
8842
1899125
6096
9107
3952290
4927
0
36011
395865
121151
256472
1148907
52810
190148
14217
22365
642677
5897
220212
1932040
14274
376
1899125
6767
16712
219685
49318
1487
1629558
7645
148
105202
1549673
103861
63447
1487
101206
325554
383791
2497
43900
24108
165361
101206
15019
89424
41153
10627
255560
4927
9049
1233
21
41153
190194
101206
3927587
6767
42589
1899125
162866
609600
101206
14409
145527
450412
24663
1970992
45175
2794560
3952203
60166
45093
692525
1042084
29322
8795
131667
1932040
107198
22955
67780
1778991
145782
37742
90731
4967
216217
101206
3299
6767
82579
28
4927
609600
657146
283107
81396
42589
19953
5897
32406
204390
450412
3892380
9107
41887
40438
101206
127722
19397
63259
384907
16434
949051
71673
3191631
26474
190194
185672
47939
41013
432
9503
60162
194572
199541
12597
371
383791
1651253
3886343
26467
47766
103940
9629
180111
101206
102054
6096
6745
642497
23233
149043
101206
157925
206750
6746
2567
99127
14258
4101157
138044
244943
105202
609600
87680
216217
105202
171149
66169
41153
19097
473161
12704
11289
3120
1635704
41600
1821549
41153
459491
0
63474
9369
22955
32782
29270
692525
101206
244943
6746
99221
94061
105202
52956
26603
160209
88426
36153
6767
3827627
107198
1148185
6706
100306
1949843
1946485
18383
100338
14258
107198
10058
44084
111589
41153
16920
562012
103855
1307379
6767
4408
1487
103928
9107
89121
41153
48908
12704
103181
41527
214789
432
59086
1929027
41600
9369
132637
160209
383769
12532
36947
41153
199818
23647
38230
96757
102054
32498
653294
228525
2695726
653183
219674
50950
253106
319963
80503
284864
101206
99963
101206
58748
6096
102054
47234
214456
692525
101695
801
194572
609600
4461139
8098
41600
220596
45064
691486
6767
9034
32
14258
384868
105202
67934
6746
126078
52833
80633
56840
71838
3892380
14258
48485
2610793
76112
3927587
4265
396550
18901
2502
1504502
2461746
18420
33209
3703235
190214
103861
79416
3009214
1738290
41153
52769
187053
187988
15347
105202
140066
20227
77054
48060
473
47766
66466
28680
127148
620501
55203
653183
76112
102054
114845
8098
41153
8795
22438
6335
166749
5866
3703301
21067
4461139
55291
47344
99221
14258
190204
692525
13178
229405
9107
39705
9545
28225
217508
4461139
143030
29270
583521
1705422
45771
101206
640155
41600
383791
6767
229405
1256001
27164
51743
14258
662164
101206
0
102091
128185
7029
8998
90530
8795
609600
195157
41718
35535
1309367
6461
33660
3149218
195157
102054
40471
103861
1405990
9495
47234
111
40398
37100
1209256
33776
26844
3952203
23964
60493
87938
42589
2283980
5866
9742
22429
28
8795
27355
190194
1487
268580
194572
36090
27094
41153
553255
86482
6767
2691288
48309
77854
13213
14161
40438
40642
27532
57828
185670
376
8055
17182
4993
1806554
622
131347
88587
45628
102054
9145
6767
662165
64387
41153
41153
1487
291855
754853
107198
46859
23994
39395
29270
14696
100775
3952203
30581
383844
105150
7108
243961
41529
383791
245005
118103
701
344699
1655085
29080
1487
107198
20353
27848
90530
35503
71672
41153
13587
5157
3892380
3676
101206
5439
13112
1899125
3191631
6767
41153
6767
653287
77167
9358
12704
99695
2691288
29080
31
42589
1487
167263
41153
52810
77245
1307082
42589
3952290
1899125
162822
61544
31005
5615
8795
76166
41153
1989482
132197
23805
58166
1487
383769
101206
9107
6767
8960
43288
1794229
7495
30154
1635704
114097
176432
62833
383769
1899125
55993
3032411
3855
3892380
2472
6687
9190
76112
41153
12704
195262
60295
4993
101942
40391
1899125
101206
2767392
62327
3927587
49194
6096
244003
676
16442
383844
31
1899125
14258
6542
58689
632107
4927
190194
90530
195808
8795
3191631
23572
335125
16002
57828
96241
6767
85399
5382
13547
101206
105202
1254253
210738
29080
1487
77188
563529
692525
1899125
1146388
190204
676
337350
14258
9145
6746
32
50987
40411
8856
1628055
101696
14274
101817
432
29080
47239
120961
50993
138044
512234
105202
1619908
14258
9190
17216
54364
3836759
41153
190194
199541
101206
137961
73023
80633
22955
10693
383844
199353
190204
31
383769
82663
41600
12704
10194
101695
27343
14274
9145
69377
268580
43248
12747
190194
376
5157
287531
18111
25117
50861
5149
118103
101206
41153
12970
50492
41153
492985
12704
94061
44341
34674
60766
101206
67934
1253581
17796
6767
3892380
101206
653183
190214
3892380
2794560
101206
13214
6767
51597
511021
67076
28790
12092
2178834
1692686
199832
216217
30268
199818
86922
100645
76166
105202
4009041
653183
4043957
1690608
13213
62325
632107
26923
4927
692525
102058
14258
3032916
195428
29270
29080
12840
