1899372
3928390
6767
172134
501349
43534
267307
825746
188099
191609
37293
519236
65936
39265
6767
296172
3852100
201908
78155
347029
34279
33031
77857
1649547
5382023
83756
253659
77814
55072
16709
296971
106866
43475
2086
83756
35921
57124
42440
13144
113474
105594
267307
3888528
1924412
437239
43534
543232
44856
510
32233
101250
184135
213074
51279
22955
35921
30012
6746
267307
33031
267307
358161
4609546
55622
17302
1899372
178876
149902
72037
49645
1793918
560064
43534
10634
1463958
44578
2910877
113474
64526
18473
318805
159814
1701810
5129
135559
510
896980
2288122
53785
510
43534
16107
51476
75822
51418
47444
780
45898
36660
49776
98490
80597
79313
38611
1351762
24865
43534
113474
4612882
2240220
106866
238017
10782
218149
54779
607295
963661
167819
40084
514627
510
27996
102163
3517687
3905172
267307
72190
12468
327493
60728
267307
5129
60363
193047
6767
267307
100681
267307
516477
84779
6084670
83756
4043038
543232
219674
2283980
7441
54749
123156
178297
83756
1651253
384481
101325
127995
3158561
40542
43103
117180
696207
1899372
267307
501349
6853634
44712
83756
110592
44712
72037
3905172
345057
4206
43534
43534
267307
1876
259259
4040
40520
10493
58313
50028
10681
501349
209871
663546
248278
280372
18473
104663
134888
61589
135559
16731
106866
43534
48580
617247
43534
320326
81747
1899372
43534
30408
155512
217386
116255
101250
197541
190669
3905172
6307
40455
1899372
1899372
5462525
56150
101250
133097
267307
22955
700535
5462525
193732
673
104663
1540644
199792
361619
60401
51159
63678
9369
955536
6767
64524
26923
150671
267307
113474
1670126
94101
3977593
6767
189770
50440
71239
43534
1852286
4411
682350
333970
99350
1255931
92572
267307
18121
52292
4048121
222088
4734
3905172
56258
22955
116108
90267
5462525
1899372
78178
267307
178185
24521
15870
29047
46066
148517
55645
30012
6555
2405770
48603
1231174
255816
70194
83756
24177
36400
564415
1974
298855
1400447
179796
175975
99639
8842
1899372
32131
16107
4756710
4927
47392
84712
321026
282336
278628
508574
196470
141206
5937
688574
476600
5722
251372
2007542
113979
5570
1899372
6767
85158
219674
108536
510
1626622
9587
37737
104663
1507271
296172
82087
9745
267307
303807
101250
7344
48711
98490
400177
267307
18726
107290
43534
28836
313281
4927
24412
5727
7411
43534
80597
267307
3888528
6767
40534
1899372
656500
543232
267307
29047
1819885
448302
100076
1756712
40623
3526687
6084504
94046
110208
501349
937330
394577
10681
131411
2007542
106866
22955
67724
1899280
105284
87213
974515
6631
253813
267307
12046
6767
198577
2075
4927
543232
656642
333436
131377
40534
384333
5722
32630
101419
451435
3905172
16107
39743
41295
267307
220174
27410
69757
344825
15541
832007
384477
4609546
30988
80597
101751
110208
92304
2983
10565
59480
197749
200974
16536
2862
101250
1651253
3888381
51195
40623
190669
9350
189156
267307
297772
32131
9545
760977
102499
153726
267307
159814
146179
6746
30578
32131
113474
3863262
84894
217386
104663
543232
88359
253813
104663
171221
48575
43534
19306
514676
83756
15228
3082
1635376
44766
1822974
43534
452758
47472
82136
54909
22955
157254
36658
501349
267307
217386
6746
73239
238701
104663
77596
110180
160465
107335
39234
6767
3828304
106866
1135830
10759
133944
1823461
1823461
18370
103495
113474
106866
16564
53951
61517
43534
21181
310331
295956
1307082
6767
4203
42415
248242
16110
89121
43534
46819
83756
130141
44712
196607
2983
65885
2478992
44766
13040
44223
155752
24865
46844
229948
43534
201908
44578
92604
194963
297751
85096
671900
193218
2922081
656504
219674
40555
290354
320018
134888
282336
267307
100011
267307
59713
32131
297451
93033
250829
501349
101627
30368
197749
543232
6084504
30495
44766
188715
44578
1411531
6767
24408
7388
113474
421871
104663
99350
6746
248278
40542
81937
360813
89647
3905172
113474
86337
2592355
75931
3888528
30932
343856
71221
11415
1504286
2793588
120453
49478
699037
141205
296172
81809
3012760
1740294
43534
39394
194470
153289
35432
104663
411186
26772
9369
44967
46503
44448
68276
51582
126719
619018
234659
661286
76387
297451
74123
30495
43534
10681
280737
21527
168619
30932
710500
18215
6084504
185204
44193
73239
113474
141205
501349
17210
50028
16107
92572
6631
134164
217386
6084504
105594
18473
519161
1995941
21267
267307
470963
44766
101250
6767
47955
1255974
27221
31038
113474
494515
267307
47392
101778
248278
107372
111955
169116
10681
543232
220210
96072
75636
1303389
6278
32588
2026759
213491
297135
133093
296172
1399097
10530
93033
111
42490
36695
1854511
32759
28708
6084504
24544
60489
198662
40534
2283980
30932
14612
224531
40835
10681
6539
80597
510
123156
197749
40801
36368
43534
586874
71232
6767
3522367
76650
145754
10635
133353
41295
40547
1790
168629
174450
87274
8647
71266
4993
162252
10612
107300
198662
5192
297135
16107
6767
677876
156413
43534
43534
510
71863
318671
106866
51565
23994
56475
18473
14044
121529
6084504
121369
74859
105140
57480
227206
51777
101250
425633
6711
9688
247234
1433490
77837
673
106866
38052
6747
169116
394788
384481
43534
49624
243122
3905172
3714
267307
1963
67333
1899372
4609546
6767
43534
6767
656656
78531
145437
83756
99639
3522367
78155
1876
40534
510
30111
43534
196470
63066
1040099
40534
4760670
1899372
669484
413647
111616
11338
10681
76387
43534
1989482
191583
24365
44578
510
24865
267307
16110
6767
8752
124124
1793918
10808
77857
1607865
123033
189835
381720
24865
1899372
60428
3005200
3765
3905172
5815
6705
12583
75931
43534
83756
202945
60295
4993
104334
40391
1899372
267307
3517687
25276
3888528
49133
32131
262754
5129
85642
104152
1876
1899372
113474
235574
60077
560064
4927
80597
169116
197262
10681
4609546
280656
332386
16078
168629
168306
6767
70207
235856
55072
267307
104663
1351762
199797
78155
510
157402
594538
501349
1899372
364356
141205
5129
327139
113474
16107
6746
7388
81775
40084
10754
1669658
101695
113762
167303
2955
78178
166886
169437
74912
84894
610410
104663
1619813
64186
12583
21181
60934
3227871
43534
80597
199632
267307
137665
133952
80577
22955
1114
74859
517733
141205
1876
24865
2252
44766
83756
55046
101575
6539
113762
16107
37359
123156
400359
16718
80597
1399
243122
287711
65936
38544
40542
4927
6711
267307
43534
11480
54748
43534
467292
83756
238701
111712
101839
161296
267307
153020
948026
97184
6767
3905172
267307
656504
141205
3905172
3524885
267307
5717
6767
304524
514627
64467
216006
61551
2454043
2050770
201908
253813
30234
201908
177639
100645
76387
104663
1672570
656546
5462525
1690608
10618
69728
560064
2116
4927
501349
297443
113474
3008057
195938
18473
78178
24651
