1900009
3504712
7827
188071
501349
43534
266777
825734
188118
192601
37293
519236
65867
39265
7827
295704
3852100
201908
78132
330908
34279
33058
77831
1435707
5382102
83756
253659
77814
55072
16703
296680
106864
43475
1995
83756
34329
57161
42411
19535
113474
117578
266777
3888528
1924412
1795060
43534
543232
74313
398
32953
73714
183810
213074
51858
22955
34329
26646
6802
266777
33058
266777
696163
5382102
59449
17319
1900009
178933
149850
69943
44168
1794229
560340
43534
10634
1464174
44646
2910877
113474
64526
9229
318397
156717
1701810
5206
135322
398
896980
2288122
53785
398
43534
10902
51476
75772
30126
44547
780
9229
36564
49776
105295
211791
79226
38611
1351762
24865
43534
113474
4612942
2240220
106864
219602
22054
218149
23558
607295
963661
162809
40084
514627
398
10983
102163
3517864
3905172
266777
67654
12594
332077
40743
266777
5206
60360
193027
7827
266777
100681
266777
516477
84056
6084648
83756
4059080
543232
219674
2283980
8906
54998
122874
165013
83756
1651253
383203
108375
147874
3158561
40542
43103
99858
696207
1900009
266777
501349
7343851
44660
83756
110594
44660
69943
3905172
345057
1297
43534
43534
266777
1974
259259
4040
40520
10589
58313
48134
5357
501349
209871
660647
248258
280372
9229
104662
143830
61593
135322
16731
106864
43534
48801
617185
43534
320329
81747
1900009
43534
30412
155512
217394
116255
73714
197541
190984
3905172
6307
40455
1900009
1900009
5462585
56150
73714
113569
266777
22955
700535
5462585
194539
682
104662
1540644
199581
358834
46362
69624
63678
187911
955536
7827
64524
26923
185809
266777
113474
1425166
90702
3977593
7827
189977
51939
66532
43534
1845120
9745
823980
343857
99288
1255931
92638
266777
107924
52294
4062713
346048
4734
3905172
224678
22955
116108
90467
5462585
1900009
78152
266777
166113
24521
15948
18815
48464
149252
53687
26646
6278
2481296
48596
1231174
255816
70194
83756
24177
36336
564415
1974
298309
1400447
179796
175549
99639
8734
1900009
33670
10902
4740952
4948
38081
63372
320024
347924
223582
688763
185309
209553
4345
687948
325617
5831
251372
2007542
113713
5582
1900009
7827
85158
219674
108536
398
1626839
9587
37737
104662
1507392
295704
82087
10057
266777
303807
73714
7352
48168
105295
383948
266777
18784
99382
43534
21765
313281
4948
24412
14154
9229
43534
211791
266777
3888528
7827
40534
1900009
663390
543232
266777
18815
1819885
448302
102951
1756712
41053
3558694
6084565
94016
110244
501349
897883
395062
5357
131639
2007542
106864
22955
67625
1903262
88260
90561
566525
4967
253813
266777
12046
7827
189274
1981
4948
543232
656642
333436
130445
40534
381309
5831
32634
160967
451435
3905172
10902
39743
41269
266777
231482
27873
69311
344825
15408
832007
383203
5382102
30988
211791
101751
110244
92333
2983
10565
59812
197774
200974
16536
2862
73714
1651253
3888381
51195
40597
190984
10567
182494
266777
297226
33670
9545
787055
102499
156252
266777
156766
173481
6802
32469
33670
113474
3863262
209553
217394
104662
543232
88471
253813
104662
171221
48796
43534
19849
516803
83756
15228
1579886
1635376
44714
1823285
43534
452758
7773
82136
54732
22955
157022
9229
501349
266777
217394
6802
73611
235370
104662
77596
110186
160465
99423
39227
7827
3767751
106864
1157092
38702
128217
1823461
1823461
16640
103507
113474
106864
14676
53943
61429
43534
21257
2207379
295665
1307082
7827
4203
42427
252360
10783
89121
43534
46819
83756
130137
44660
194785
2983
65675
2661259
44714
13040
48438
155752
24865
28437
229949
43534
201908
44646
94488
201087
297205
84964
671900
193218
2922501
663394
219674
40555
290354
320018
143830
282336
266777
101562
266777
59696
33670
296905
93101
250421
501349
101601
26303
197774
543232
6107967
20341
44714
146468
44646
835218
7827
11966
7388
113474
422222
104662
99288
6802
248258
40542
81937
360820
90392
3905172
113474
85776
2592532
75931
3888528
32114
348612
66514
5728
1504502
2801322
120453
85209
857947
211791
295704
81816
3565529
1740294
43534
39427
194470
171127
25189
104662
393606
33662
187911
44968
10437
43902
125601
51582
1602339
619018
216277
661286
76387
296905
64074
20341
43534
5357
284841
6335
168619
69996
710500
21423
6107967
181908
45833
73611
113474
211791
501349
17210
48134
10902
92638
5031
144515
217394
6107967
117578
9229
519161
1995941
21349
266777
473557
44714
73714
6767
36942
1255974
27469
31038
113474
495289
266777
38081
101778
248258
107372
111788
171071
5357
543232
220210
96072
75636
1397120
6570
32423
1562068
214031
296899
124410
295704
1388343
10530
93101
111
42453
36647
1842702
32742
28708
6084565
24544
60492
183632
40534
2283980
69996
14414
222047
40835
5357
6522
211791
398
122874
197774
40794
39133
43534
586874
71621
7827
3523132
83923
155890
10624
133363
41269
40547
1331
168636
172106
87286
8781
66658
5011
156257
10612
107248
183632
5192
296899
10780
7827
677016
155961
43534
43534
398
71863
318671
106864
51547
23994
50746
9229
13587
121555
6084565
142863
73771
105138
74964
225108
51777
73714
386030
4724
11987
247234
1433490
77811
682
106864
36515
6593
171071
393614
383203
43534
50665
243960
3905172
3684
266777
1893
67333
1900009
5382102
7827
43534
7827
660552
78489
145398
83756
99639
3523132
78132
1974
40534
398
37546
43534
185309
62996
1040099
40534
4740952
1900009
656584
413683
112741
11338
5357
76387
43534
1989482
191466
24365
44646
398
24865
266777
10783
7827
8751
124124
1794229
10753
77831
1607865
122130
189835
381338
24865
1900009
60429
3012263
3867
3905172
5815
6774
12583
75931
43534
83756
202945
60295
5011
101819
40391
1900009
266777
3517864
24446
3888528
49133
33670
262535
5206
85642
73833
1974
1900009
113474
235574
60077
560340
4948
211791
171071
197262
5357
5382102
284832
335068
15625
168636
165809
7827
70207
225334
55072
266777
104662
1351762
199586
78132
398
170898
594538
501349
1900009
364356
211791
5206
421749
113474
10780
6802
7388
83923
40084
10754
1669724
101695
113433
179761
2955
78152
166520
169437
84329
209553
610410
104662
1619921
64627
12583
21257
22087
3227871
43534
211791
199632
266777
138389
133948
80786
22955
1044
73771
555560
211791
1974
24865
9063
44714
83756
23662
101695
6138
113433
10780
37359
122874
338141
16718
211791
1411
243960
287690
65867
38544
40542
4948
4724
266777
43534
11540
54998
43534
458450
83756
235370
130120
112896
159871
266777
95935
948026
92105
7827
3905172
266777
663394
211791
3905172
3556892
266777
5717
7827
304857
514627
64467
145409
41179
2454043
2050770
201908
253813
30173
201908
194919
100645
76387
104662
1427690
656546
5462585
1690663
10616
69559
560340
26923
4948
501349
297075
113474
3032411
195938
9229
78152
24651
