1190024
2659192
6767
75856
549648
41137
88359
81065
62134
31430
18987
15211
87
40010
6767
91415
1219361
192358
30589
333528
31737
284
28582
1580561
3566810
12704
216110
446
12928
11974
88030
19776
40936
75
12704
623
54119
12662
102
5044
0
88359
3235412
1989482
13444
41137
524157
30489
309
33667
22026
264126
22696
50492
22955
623
7117
6746
88359
284
88359
26517
3331789
63622
17698
1778915
158616
22043
29812
41268
1793918
544173
41137
9301
1486813
0
2660284
5044
38417
25
279652
18066
1662211
615
16182
309
59626
2288122
1516
306
41137
8367
707
13247
1430
40686
687
25
7390
45789
14780
189848
0
51099
631916
27073
41137
5044
4233524
2051787
19776
75785
21520
192517
13111
120543
51851
51351
23291
20709
309
0
102133
2785506
3399487
88359
18910
12817
354989
1068
88359
615
59680
187217
6767
88359
100681
88359
29876
42950
4590067
12704
3613902
524157
217785
2240851
7199
48833
3085
12140
12704
1649860
11393
158
13089
2614108
52958
9680
11763
124023
1190024
88359
549648
4177311
40707
12704
19172
40707
29812
3399487
317818
2970
41137
41137
88359
28
301610
1106
61322
9387
58313
178066
3050
549648
197498
162087
61495
2067
25
19046
63038
61597
16182
5436
19776
41137
23926
501284
41137
59377
40188
1190024
41137
31077
160599
238091
20923
27058
192505
37820
3399487
6249
40487
1778915
1190024
4439969
57742
27058
44548
88359
22955
166335
4439969
30259
1490
19046
1629253
196981
55261
40746
28242
1727
0
117721
6767
1985
1424
50860
88359
5044
1580601
14062
3863620
6767
39601
48953
23563
41137
1775375
85
97020
280616
42620
1255931
7014
88359
15941
88319
3613758
22465
4786
3399487
55518
22955
13992
14194
4439969
1190024
28601
88359
12140
36642
13513
8234
49990
16882
52499
7117
7200
1640926
13222
1231174
446
70194
12704
22340
32377
549158
28
88441
246848
6766
39320
99639
8743
1190024
2920
8367
4177311
4927
2116
20
182453
92931
261432
1117834
31150
190048
1542
3713
24609
5932
222703
1989482
14154
1490
1190024
6767
1078
217087
39118
309
1641970
2128
127
19046
2403182
91415
38673
300
88359
315823
27058
14585
43370
37844
68535
88359
14888
87270
41137
1789
22696
4927
8206
11290
13672
41137
189687
88359
3235412
6767
52950
1190024
135863
524157
88359
8234
139401
434847
31779
1970779
12609
3517687
4608704
60016
6686
549648
604251
352
3050
131537
1989482
19776
22955
31178
1776082
44621
48893
75375
26732
216165
88359
3422
6767
36182
0
4927
524157
161983
51734
78935
61338
8673
5932
31566
11661
440552
3399487
3192
26771
22859
88359
62278
55806
1747
700658
15979
749669
14088
3331789
38758
189848
98657
861
41279
371
9358
7585
180259
198890
12597
310
27058
1649860
3978794
32593
14335
66483
9306
179885
88359
88441
2920
26732
57641
656
11661
88359
27605
73668
6746
11696
2920
14206
3882406
190895
234186
19046
524157
30060
216165
19046
175072
38058
41137
19600
237795
12704
11289
747606
867962
41881
1793918
41137
440648
0
38626
9369
22955
15713
25
549648
88359
234088
6746
30079
22706
19046
16747
891
147639
87110
36391
6767
1775535
19776
1115148
3061
0
4
81
19916
98490
5044
19776
9667
201
119287
41137
17372
792
88030
735748
6767
4518
300
55544
3270
89121
41137
46819
12704
13320
40707
277130
371
175
1846934
41881
9369
37871
151639
22026
369
35170
41137
188483
0
6986
33507
88441
31291
162399
169902
3818767
136746
258425
61435
133919
106146
63038
264843
88359
99777
88359
55965
2920
88441
7366
235813
549648
98617
711
180259
524157
4570201
109
41881
2457
0
798479
6767
7141
90
5044
326
19046
42650
6746
75316
61349
80246
57602
13092
3399487
5044
47081
2492489
1097
3235412
1762
380089
19081
1865
1528152
2899553
11501
9000
1608275
190066
91415
38131
3004675
1664633
41137
31427
154279
190680
18572
19046
74060
21973
0
48754
2739
14347
4106
707
24403
502511
1658
123972
949
88441
109893
123
41137
3050
18910
8638
41427
1762
1388474
2151
4598528
76442
48201
34916
5044
190066
549648
13178
116261
3192
7014
26732
18441
238178
4570201
0
1841
31023
1662629
22810
88359
240069
41881
27058
6767
116345
1256524
27392
17321
5044
26809
88359
2116
98617
76232
6567
306
28972
3050
524157
194655
40601
33439
1269640
6883
19329
1663992
198652
88441
30915
91415
1386465
9279
7366
21
41558
30463
98446
32590
25626
4477229
22914
63886
29911
61338
2283980
1762
9322
18910
0
3050
27284
189848
300
3085
184433
36217
27094
41137
252565
28888
6767
2658776
46017
25430
558
1147
22859
40596
27095
20810
76052
306
7931
23590
5115
1449
339
79165
34740
53122
88441
3641
6767
166335
20114
41137
41137
309
80038
22696
19776
5396
22914
11041
67
13842
61967
4477229
12158
27349
19046
10161
262626
53678
27058
84955
59
206
315823
1626097
29533
1490
19776
45134
19840
28972
5737
11393
41137
11493
10491
3525733
3684
88359
2621
13112
1190024
3331789
6767
41137
6767
125156
12482
9360
12704
99639
2658776
30589
28
61338
309
22208
41137
31150
46145
296052
52950
4177311
1190024
124769
60491
31223
4291
3050
975
41137
1913978
62177
22414
0
309
22026
88359
3269
6767
8750
42455
1793918
3841
30737
789543
31224
142336
771
22026
1190024
58857
1554803
3634
3399487
11938
7006
3265
1097
41137
12704
200126
60295
5115
107206
40386
1190024
88359
2717487
17293
3235412
49194
2920
62780
615
10613
27370
28
1190024
5044
6607
42910
544173
4927
189687
39321
194401
3050
3331789
18937
333109
16966
21004
48875
6767
80038
74417
12928
88359
19046
631916
217490
30589
309
35972
128361
549648
1190024
1166731
190066
615
325776
5044
3641
6746
32
41947
23291
344
2279861
98617
14234
64017
371
30605
861
81821
44755
189848
24085
19046
1480423
14222
3265
17360
0
4108715
41137
189848
193467
88359
137661
4074
80401
22955
1040
27349
205649
190066
28
22026
320
41881
12704
13111
98577
27319
14234
3641
0
3085
57641
6397
189848
309
10491
54349
0
22403
61349
4927
59
88359
41137
11463
49986
41137
18070
12704
22706
84270
11661
29128
88359
25430
678906
288
6767
3399487
88359
124770
190066
3399487
2713336
88359
416
6767
61174
2687
10067
43015
1188
1826787
1626441
192358
216165
29465
188055
75024
100645
975
19046
1580601
124826
4439969
1690608
396
1223
544173
3377
4927
549648
88439
5044
1740763
198896
1841
28601
6128
