1899224
3203499
6686
100801
689241
41152
95875
25787
165091
89734
34747
85813
59087
40044
6686
104203
1822908
188196
95194
397351
31105
3609
28576
1366441
4793819
12704
195007
530
12928
12698
104237
100443
41025
43
12704
1080
54556
58680
68
41539
12224
95875
3866106
1999851
123543
41152
664019
31696
309
32713
383344
132318
35503
50767
22955
1080
7356
6802
95875
3609
95875
15199
5191377
45737
21519
1899224
172730
20019
33600
40232
1793918
684129
41152
9796
1421758
22532
2541344
41539
46168
26905
281019
77
1649025
615
24765
309
59623
2288122
9878
309
41152
5154
27189
59973
33434
41302
9440
26751
14217
49776
46190
190913
29703
42719
683886
383293
41152
41539
2866126
1653379
100443
85906
17887
198356
54730
122712
51867
44927
23443
29662
309
16348
102169
3517687
3388265
95875
18847
12395
331953
51211
95875
615
56666
181726
6686
95875
100681
95875
439793
135015
5683442
12704
1946249
664019
219722
2283980
7107
49572
383624
166989
12704
1651253
79897
21706
60855
3103310
42533
27189
27777
266954
1899224
95875
689241
4865211
41502
12704
88507
41502
33600
3388265
722036
3174
41152
41152
95875
22
326874
2806
50654
9590
58313
229088
4977
689241
200453
267068
126797
2237
26905
104339
105795
62928
24765
12008
100443
41152
39012
685586
41152
59426
44053
1899224
41152
32027
155565
228728
65935
383344
199055
86719
3388265
6391
40455
1899224
1899224
4990705
56157
383344
52752
95875
22955
663359
4990705
90046
297
104339
1478749
212032
168830
44559
21602
27189
54341
119872
6686
13179
26923
137464
95875
41539
1366361
15674
3863620
6686
89767
50246
22465
41152
1779084
373
129119
370570
42867
1255931
22825
95875
108813
94395
1964204
24507
4759
3388265
49733
22955
26171
14361
4990705
1899224
31645
95875
166113
36135
13504
8627
48874
11331
54357
7356
6682
1709883
59928
1231174
17978
70194
12704
22279
29307
689141
40
108866
410399
6819
71037
99736
8734
1899224
19329
5154
3868614
4927
460
592
280032
7338
233713
1135364
70786
190244
10026
3759
30536
6106
228616
2001393
41007
309
1899224
6686
16575
219722
46206
309
1423428
4076
127
104339
1584618
104203
38765
309
95875
335256
383344
16633
44146
44264
294311
95875
14777
88359
41152
7324
32707
4927
9049
11866
1841
41152
190913
95875
3866106
6686
42589
1899224
148637
664019
95875
8627
139401
459416
41775
1756712
59184
3526687
4609469
56236
14342
689241
898694
12194
4977
131307
2001393
100443
22955
106575
1899218
155358
53788
215470
26732
218239
95875
2600
6686
71782
40
4927
664019
176127
53449
78504
50670
2419
6106
31570
24027
498610
3388265
5154
41002
23462
95875
94431
45731
21493
333020
15716
320283
80064
5191377
30539
190913
99643
14342
42198
371
9519
28307
180304
196601
12597
310
383344
1651253
3883300
30539
56120
86719
9532
230784
95875
107376
19329
26732
30721
22067
22154
95875
133
75998
6802
21021
19329
41007
3865068
137461
248821
104339
664019
87693
218239
104339
158991
40295
41152
19849
238053
12704
11289
3047
795352
41532
1820958
41152
502897
4002
38575
9378
22955
10039
4729
689241
95875
248397
6802
33603
40120
104339
52820
41897
144280
89370
35126
6686
1956644
100443
955692
6706
11198
1819885
1819885
16817
103502
41539
100443
9661
14091
59751
41152
17234
4648
104240
390608
6686
4399
309
86092
9132
89121
41152
46819
12704
35491
41502
228877
371
59144
1729162
41532
10072
32022
144280
383295
18631
34793
41152
193207
23806
43007
63027
107376
31300
657280
167107
1922089
656584
245802
42609
120062
291746
105795
244467
95875
97664
95875
57871
19329
107376
23541
283252
689241
99603
3609
180304
664019
4609469
18557
41532
159932
13262
754224
6686
7666
32
41539
6497
104339
42688
6802
126797
44527
80642
57545
73800
3388265
41539
138709
2592355
75642
3866106
19616
370736
19027
5917
1439905
2602883
28959
60852
798989
190913
104203
39097
3565537
2018252
41152
102411
65130
181092
12495
104339
227728
27196
54341
45583
304
59637
4106
27189
345807
567316
18630
657130
71318
107376
116970
18557
41152
4977
18910
17415
44033
15076
814229
10526
4609469
175706
45716
33603
41539
190913
689241
13178
229088
5154
22825
26732
18922
227644
4609469
12224
26905
429464
1658449
77242
95875
385313
41532
383344
6686
229167
1255974
24914
9878
41539
662937
95875
460
99590
126797
6553
8002
58459
4977
664019
199626
41651
26815
415891
6762
18777
1669868
198286
107376
48995
104203
1386278
9191
23541
106
40436
30204
142190
34170
27436
4609469
22914
62106
70591
50670
2283980
15076
9676
18865
46
4977
27809
190913
309
383624
180304
34113
27094
41152
252565
33606
6686
3522367
29614
67080
22774
2035
23462
41686
27450
53537
77143
309
8078
22429
4993
123397
11170
104686
70591
25522
107376
8368
6686
161951
69522
41152
41152
309
81042
34753
100443
14091
22914
29762
26905
14094
89493
4609469
17810
383448
104275
56374
215880
51777
383344
256703
53570
1120
322680
1429833
98997
297
100443
35783
27898
58459
81676
79897
41152
17037
99952
3388265
3676
95875
8598
223310
1899224
5191377
6686
41152
6686
79451
46796
9360
12704
99736
3522367
95194
22
42589
309
167338
41152
70786
77263
394676
42589
3835398
1899224
656584
61559
31979
4708
4977
75703
41152
1913952
77727
22766
14120
309
383295
95875
8706
6686
8751
42862
1793918
3927
28576
788092
31223
134963
774
383295
1899224
59009
3015131
3979
3388265
5647
7119
5277
75642
41152
12704
197052
60295
4993
112886
40307
1899224
95875
3517687
90453
3866106
48517
19329
194920
615
3615
383436
22
1899224
41539
6430
53848
684129
4927
190913
58459
199392
4977
5191377
17074
312620
15472
53537
47544
6686
81042
8588
12928
95875
104339
683886
212032
95194
309
48254
252561
689241
1899224
1149989
190913
615
333860
41539
8368
6802
32
41324
23443
11264
2454278
99483
40979
83144
371
31645
21912
81001
29599
189866
435855
104339
1619421
41539
5277
16676
460
3052155
41152
190913
196344
95875
137689
25563
80565
22955
9008
383448
265739
190913
22
383295
320
41532
12704
34522
99577
27805
40979
8368
22171
383624
40770
12421
190913
309
99952
54104
59087
22403
42597
4927
53570
95875
41152
11629
49491
41152
175303
12704
40120
110289
22119
60810
95875
42754
769919
17067
6686
3388265
95875
246611
190913
3388265
3524165
95875
13847
6686
152809
26875
14158
107185
58963
1647570
1511411
188196
218239
29567
188196
117191
100645
75703
104339
1554161
167133
4990705
1690663
14594
61816
684129
2025
4927
689241
106903
41539
3008651
193093
26905
31645
12379
