1779041
2667579
6767
153004
621207
40987
99979
887715
101179
93475
37293
272054
58509
39265
6767
104212
141475
199832
32328
325168
31663
3915
30654
3016118
4011405
53195
218106
759
53151
12283
104591
103712
40934
40
53195
1283
53475
48346
25957
112586
1691
99979
3888528
1989482
160671
40987
601404
31691
321
33288
383336
110798
35025
49707
20911
1283
20142
6802
99979
3915
99979
18607
4011405
109495
21604
1779041
172691
10524
87717
39590
1793918
616728
40987
10242
1447270
44923
1749103
112586
63420
1883
299413
169082
1701810
680
26369
321
59623
2283980
10464
321
40987
8706
20820
88574
52335
39893
954
26751
14259
47685
84549
201630
35915
48879
570814
383360
40987
112586
4087493
1733772
103712
148298
21727
199413
118655
127340
126847
34688
23908
19103
321
8494
102103
3473669
3468227
99979
23563
12594
1276682
24578
99979
680
58554
190847
6767
99979
100681
99979
283974
136518
5191379
53195
4025939
601404
245812
2283980
6891
48920
383552
178537
53195
1651253
383810
21360
69624
2587522
52958
14918
88695
124849
1779041
99979
621207
5668501
41502
53195
105775
41502
87717
3468227
303247
5953
40987
40987
99979
43
333545
5906
52934
10125
58313
48975
8450
621207
199559
277414
84020
2466
1883
101519
78869
61593
26369
12379
103712
40987
39999
649243
40987
320616
47833
1779041
40987
31222
109646
217386
61821
383336
195420
70367
3468227
6307
40455
1779041
1779041
4145609
56150
383336
47953
99979
20911
123971
4145609
92607
321
101519
2472557
193678
278035
44508
52009
24325
56035
124332
6767
19045
3003
140430
99979
112586
3016118
29179
3886843
6767
61606
50494
18874
40987
1776327
357
108796
239027
104961
1255931
44764
99979
18254
86760
3158650
32459
4734
3468227
17448
20911
31793
13933
4145609
1779041
32328
99979
178209
30500
12954
4708
46744
1218
55090
20142
6387
1762042
56225
1231174
59854
70194
53195
21923
29100
621215
40
101667
1269343
179904
70353
99639
8434
1779041
16969
8706
4202113
4948
40041
1397
61079
111665
233984
1140899
51625
196996
3410
3891
20733
6040
212032
1989482
112551
461
1779041
6767
8996
245852
43477
321
1619421
7429
593
101519
1826786
104212
49273
5298
99979
334962
383336
6863
40839
74174
368607
99979
14221
87058
40987
9751
26779
4948
316198
5769
19
40987
206221
99979
3888528
6767
44519
1779041
124849
601404
99979
4708
4
434832
27494
1725337
48346
3473669
5190591
44386
21360
621207
999039
52651
8450
98990
1989482
103712
20911
168434
3009560
48314
50005
251056
26732
212032
99979
11740
6767
48049
40
4927
601404
128222
51273
46319
44644
2417
6040
108282
31733
434807
3468227
8706
44246
23908
99979
100965
109499
62532
322938
17246
694949
384453
4011405
38552
201630
98617
21360
129192
436
10242
7570
189171
199559
12597
375
383336
1651253
3497986
38552
53074
70367
10125
156014
99979
101710
16969
26732
29824
35571
31683
99979
169002
124939
6802
11305
16969
112586
3736276
197286
217386
101519
601404
32759
212032
101519
159068
49034
40987
19185
269059
53195
11289
3095
673199
41531
1821354
40987
434832
40086
63863
305158
20911
31399
26751
621207
99979
217386
6802
32179
30862
101519
52149
21356
109646
87198
36284
6767
1926104
103712
1115637
26732
1241
301761
143801
13461
98502
112586
103712
9661
25531
17883
40987
16680
122672
104588
575852
6767
4408
5467
69173
8706
89121
40987
46819
53195
39132
41502
192213
436
59206
2478848
41531
305908
27745
109646
383310
37313
35726
40987
200028
66480
46916
49106
101367
32123
263118
173212
1844817
124849
245852
44665
252918
94066
78869
97332
99979
96694
99979
59262
16969
101367
52329
235317
621207
98617
3853
189171
601404
5190593
18603
41531
129152
14120
819580
6767
24031
68
112586
27337
101519
104945
6802
84020
44652
33606
55750
78638
3468227
112586
121358
2574306
71232
3888528
6127
246611
18856
2954
1521326
2771863
59636
13459
834953
196996
104212
47383
3004675
1738290
40987
30849
141831
167232
27760
101519
165911
20209
56035
44823
38930
55941
64586
20820
5632
570546
62938
128870
70028
101367
20176
18603
40987
8450
18937
0
167058
20330
377816
85113
5190593
116214
45657
32179
112586
196996
621207
14399
48975
8706
44764
26732
29512
217386
5190593
1691
1883
79314
1995941
8831
99979
469763
41531
383336
6767
48975
1255974
27186
1467
112586
27203
99979
40041
98697
84020
89605
16763
56132
8450
601404
199359
41704
18383
1266431
6549
19625
1663588
198741
107575
53144
104212
1399112
10093
52329
11311
41553
29856
106065
33523
27029
5190593
21901
60496
46530
44644
2283980
20330
10163
18973
40
8450
20635
201630
321
383552
189171
35233
27502
40987
252555
88690
6767
3473669
78624
63311
11602
107055
23908
40547
28260
38691
76874
7092
9197
22438
4993
119244
10542
54757
46530
45762
107575
8706
6767
653183
33299
40987
40987
321
289535
26782
103712
47867
21382
26536
1883
13587
84451
5190593
27908
383254
101517
54358
210881
51724
383336
431907
56079
8375
323231
1619421
38119
321
103712
20898
8605
56132
277780
383810
40987
47252
8607
3468227
3676
99979
1963
52386
1779041
4011405
6767
40987
6767
670219
78653
54391
53195
99639
3473669
32328
43
44519
321
183896
40987
51625
10139
566609
44519
4512576
1779041
123971
60505
90082
7761
8450
70314
40987
1989482
76908
21901
14120
321
383310
99979
8706
6767
1507
130824
1793918
7279
30654
540303
93574
152148
1093
383310
1779041
57740
3008029
3796
3468227
5645
6753
8796
71232
40987
53195
194581
60295
4993
104430
40392
1779041
99979
3473669
24537
3888528
46923
16969
97830
680
84903
269177
43
1779041
112586
57821
39196
616728
4927
206221
56132
194696
8450
4011405
18910
170656
16003
38691
53388
6767
289535
55978
53151
99979
101519
570814
193678
32328
321
50340
552373
621207
1779041
340724
196996
680
395916
112586
8706
6802
68
75400
23908
10527
2129775
98617
112551
88352
436
32328
21352
65065
78614
197286
284169
101519
1471966
64186
8796
16680
39389
3888008
40987
201630
198809
99979
137861
29563
33606
20911
1114
383254
394263
196996
43
383310
9143
41531
53195
54907
98617
9298
112551
8706
74202
383552
41655
12627
201630
461
8607
265700
58509
22859
52958
4948
56079
99979
40987
10253
48892
40987
21837
53195
30862
134841
49128
63184
99979
47123
563235
59636
6767
3468227
99979
124906
196996
3468227
3473669
99979
16709
6767
206948
15263
20820
313651
24971
1717193
1619421
199832
212032
23436
199832
115085
100645
70314
101519
3016118
128870
4145609
1690608
21521
65191
616728
26923
4948
621207
101279
112586
3004675
195182
1883
32328
12629
