1903164
2693553
6843
114695
565558
135098
101503
885058
167652
98278
19366
69479
65720
40098
6843
106764
1823376
202348
30881
287603
31641
12231
32574
1367548
5012817
52492
244191
7459
52429
12698
100820
187297
137761
696
52492
1983
57422
60618
8676
113278
12786
101503
3892206
1999851
91678
135098
543276
31691
406
32595
136753
146798
27355
50651
22955
1983
8026
6802
101503
12231
101503
19614
5012817
96317
16882
1903164
158878
13419
59158
40231
1794228
561113
135098
10297
1418709
51320
2693979
113278
38159
45964
279868
157773
1682731
680
88980
406
838132
2288122
10440
406
135098
9050
13223
33064
50459
45797
749
45964
15023
57885
59480
190074
81644
50855
819395
383203
135098
113278
3792203
1658210
187297
97964
21671
200962
306197
760461
360888
51036
22859
33214
406
18695
102633
2658776
3953723
101503
94207
12395
1160179
25380
101503
680
60661
192456
6843
101503
100681
101503
54945
137729
6431255
52492
4041648
543276
219009
2283980
6743
49497
383115
169677
52492
1649860
382841
51216
33131
3103302
52775
17793
127633
663359
1903164
101503
565558
7724624
133982
52492
110823
133980
59158
3953723
870694
1297
135098
135098
101503
12
347512
1295
42574
10663
58313
48975
3107
565558
200513
667547
130328
213130
45964
185496
97707
62054
88980
49742
187297
135098
40690
568318
135098
314202
63526
1903164
135098
31500
151639
229034
25466
136753
194573
187783
3953723
6307
40527
1903164
1903164
3959403
56158
136753
66439
101503
22955
657130
3959403
98493
339
185496
1626693
217697
285776
39317
65783
24084
91761
944350
6843
10476
26923
239911
101503
113278
701956
107097
3882406
6843
93837
49970
67843
135098
1852271
3928
109112
381735
67615
1255931
136612
101503
18134
87097
4019066
28841
4734
3953723
64412
22955
121128
14327
3959403
1903164
31963
101503
169877
44814
13612
15439
48418
23212
52688
8026
6566
1714800
60765
1231174
58454
70194
52492
22859
28338
565613
19
104528
1271572
179904
50160
96739
7166
1903164
31130
9050
4197109
4927
460
39025
279523
108520
251281
1151750
194914
189839
6042
111970
38363
6042
213602
1933144
113468
446
1903164
6843
36437
290535
46053
406
1982228
2193
190
185496
1563119
106764
45111
1254
101503
347524
136753
7406
48512
62708
464692
101503
14885
88901
135098
8026
23029
4927
38687
2261
24
135098
190074
101503
3892206
6843
44519
1903164
656469
543276
101503
15439
81
321434
91298
1971276
50207
3853541
4001080
309511
51216
565558
815447
395824
3107
131249
1933144
187297
22955
66086
1899217
82425
52349
604639
6595
213602
101503
11752
6843
119425
699
4927
543276
663359
53824
79360
40534
381771
6042
104654
91335
321429
3953723
9050
36662
23908
101503
192126
96043
33468
870694
15408
643497
382974
5012817
55395
190074
98445
51216
111953
436
10318
57073
184185
195887
16536
4769
136753
1649860
3799085
55395
50276
188081
10701
107196
101503
104271
31130
26732
38392
19200
89902
101503
157773
200474
6802
29059
31130
113278
3863620
189839
227935
185496
543276
87845
213602
185496
158737
46167
135098
18943
237789
52492
11354
3132
334807
133927
1822971
135098
251792
8362
40347
118655
22955
159619
45964
565558
101503
244917
6802
59159
75102
185496
52183
22286
69192
88892
41287
6843
3758177
187297
1140123
26732
10611
1819721
1820255
15503
103502
113278
187297
14022
99120
18733
135098
17390
184551
100811
641067
6843
4408
5452
121859
3355
89121
135098
46819
52492
145532
133980
208936
4853
65658
2494105
133927
23722
38011
69192
383074
14838
35748
135098
202348
51216
71519
184090
104516
85119
674065
207386
2713411
656469
219009
44541
260676
156906
97707
89335
101503
96891
101503
58767
31130
104216
119385
212373
565558
98496
12231
184185
543276
5702331
21899
133927
155363
54390
672195
6843
26831
7388
113278
45066
185496
67615
6802
130208
44588
80685
97042
34077
3953723
113278
280112
2502074
177268
3892206
29532
381735
222021
5578
1464121
3523805
38069
58696
742232
190074
106764
43884
3004675
2018252
135098
30878
160750
183190
31035
185496
480757
20227
91761
45212
0
50338
4441
13223
509970
287291
118302
656589
161486
104216
43443
21862
135098
3107
66506
6335
169196
28635
510635
83894
4787267
167371
45040
59159
113278
190074
565558
15565
48975
9050
136612
26732
17798
234812
5702331
12786
45964
70173
1701810
45783
101503
386705
133927
136753
7827
49823
1256230
29138
10067
113278
179067
101503
460
98469
130328
92882
16318
114938
3107
543276
195807
131896
75512
1267690
7171
19673
2130239
195807
104216
177299
106764
1399559
5445
119385
10930
40409
29313
673844
33324
27585
5664053
22486
60486
130522
40534
2283980
28635
10358
66686
696
3107
27595
190074
406
383115
184185
40202
27439
135098
560589
57543
6843
2435803
78908
67886
5878
123983
23908
40637
28440
58605
138371
7077
8767
66506
4993
116214
9476
79855
104989
24967
104216
3479
6843
146999
95872
135098
135098
406
248246
23505
187297
22407
22914
58136
45964
13501
83459
5664053
117396
137026
188418
54398
172677
51917
136753
382882
181121
9302
347530
1982228
30867
339
187297
59948
27641
114938
392839
382841
135098
31151
63012
3953723
3714
101503
1932
52386
1903164
5012817
6843
135098
6843
656602
58732
229361
52492
96739
2435803
30881
12
44519
406
81538
135098
194914
24510
818405
44519
4197109
1903164
273183
60511
111649
2456
3107
177189
135098
1989482
229428
22914
51216
406
383074
101503
3479
6843
8921
112986
1794228
2061
32578
337800
110593
160580
62833
298655
1903164
61536
3004675
3817
3953723
15253
6676
3371
177268
135098
52492
200513
60295
4993
111126
40395
1903164
101503
2658776
15854
3892206
38724
31130
67316
680
84752
137016
12
1903164
113278
251197
122023
561113
4927
190074
145143
196720
3107
5012817
24068
315219
15472
57371
90577
6843
248247
74784
52429
101503
185496
819395
212104
30881
406
112607
588037
565558
1903164
1147439
190074
680
396255
113278
3479
6802
7388
78878
22859
7352
1587624
98443
113552
153505
436
31963
21205
134570
50467
189839
71439
185496
1417317
111855
3371
17876
415
3683525
135098
190074
201510
101503
137897
84879
80859
22955
1040
137026
265167
190074
12
298655
11735
133927
52492
26044
98617
27589
113552
3479
80277
383115
43014
47461
190074
446
63012
281436
65587
22859
52894
5202
181121
101503
135098
11480
48855
135098
48054
52492
75102
228324
31045
63162
101503
67615
819397
31643
6843
3953723
101503
656469
190074
3953723
3518763
101503
12121
6843
164119
44622
10440
70444
36669
1722619
1578127
202348
213602
30313
202348
179836
100645
177189
185496
659730
656584
3959403
1690608
5956
33468
561113
26923
4927
565558
101544
113278
3004675
196355
45964
31963
47835
