3757375
2687689
6670
60769
94544
41172
94449
32499
61415
25688
2356
459142
87
41409
6670
90583
1819721
199804
29506
397169
31663
145
28334
1580561
3781479
12704
218136
558
12928
12538
90610
17798
42164
0
12704
0
55572
12329
68
14277
11048
94449
3483631
1989482
56807
41172
94596
30489
0
31896
0
264412
34821
50535
24006
0
7109
6782
94449
145
94449
18811
4074958
24025
2351
3757375
158889
15999
30891
40998
1793918
94556
41172
13
1767008
0
3470477
14277
39159
38510
282982
77
1701810
615
25969
0
161
2288122
19155
0
41172
3632
430663
11599
1972
40953
687
38488
0
49776
38146
75232
10582
50974
771398
0
41172
14277
3568383
2526322
17798
61279
10256
199305
9369
121365
29328
47918
40415
510787
0
0
102127
3517687
3607419
94449
19378
13222
1164891
78
94449
615
56234
190565
6670
94449
100681
94449
438440
49184
5203704
12704
3213828
94596
191998
2283980
7550
50158
0
22
12704
1651253
0
0
12659
2611904
44652
24677
12358
123946
3757375
94449
94544
4481120
40411
12704
17539
40411
30891
3607419
336756
1232
41172
41172
94449
0
268221
1106
44628
4336
58313
9638
2918
94544
199523
653183
50443
2065
38510
17902
60573
62897
25969
4657
17798
41172
39159
94544
41172
59340
40084
3757375
41172
30535
108714
228723
21288
0
195292
37784
3607419
6354
40510
3757375
3757375
4082359
57643
0
54063
94449
24006
47979
4082359
25706
0
17902
1687694
189746
89864
40256
49756
430663
0
118742
6670
438297
1501
51030
94449
14277
1580601
1708
3246546
6670
46899
54262
23590
41172
1902084
360
0
129606
25378
1255931
0
94449
4055
17530
3613758
34498
4786
3607419
51109
24006
14971
0
4082359
3757375
29514
94449
22
24381
13875
0
41049
13259
47959
7109
6257
1663660
12658
1231174
362
70194
12704
38383
37495
94544
0
94447
1268733
6731
26833
99639
8749
3757375
2920
3632
3301306
4948
0
21935
178738
97238
240362
1249777
40344
150478
1507
758
32581
5939
218126
1989482
14192
0
3757375
6670
0
219009
44679
0
1619974
2128
2026
17902
1814159
90583
39605
0
94449
289563
0
541
44782
58357
64536
94449
14793
42238
41172
0
22699
4948
8206
418
38598
41172
75414
94449
3483631
6670
40534
3757375
123943
94596
94449
0
1819721
440642
38873
1729762
13246
3522889
4015616
15023
0
94544
901286
39903
2918
99012
1989482
17798
24006
0
3028302
56119
40581
73439
1714
218126
94449
2769
6670
31126
0
4948
94596
263007
281695
469004
44644
2491
5939
31612
13520
437964
3607419
3632
9869
40356
94449
62057
12963
0
336726
14938
543366
0
4074958
38758
75232
98657
0
42023
371
13
15447
195432
199532
12597
310
0
1651253
3857249
38758
13079
35685
2699
60728
94449
94447
2920
1714
30927
12218
1582
94449
133
73744
6782
12357
2920
14158
3884762
150945
228723
17902
94596
30866
218126
17902
158670
40056
41172
22486
470098
12704
11289
3077
1388474
41648
1793918
41172
435310
0
39172
9369
24006
18438
54482
94544
94449
217400
6782
30914
25450
17902
52108
0
105372
42238
38338
6670
3757557
17798
1206386
1943
1528
930
36869
27788
103451
14277
17798
9629
0
70421
41172
17350
13616
90610
594058
6670
4418
0
39975
3181
89121
41172
46819
12704
43422
40411
219659
493
87
1705868
41648
10562
27745
149149
0
0
36164
41172
199804
28
0
31077
94447
31550
653183
146320
2683549
123943
191987
40555
549638
233287
60573
247468
94449
97813
94449
55945
2885
94481
0
214968
94544
37726
108
195432
94596
4031780
22
41648
436
0
1034095
6670
0
32
14277
19117
17902
69135
6782
50443
52958
80879
59555
12650
3607419
14277
50143
2578670
812
3483631
1727
130000
19378
1095
1463238
2793066
107
4900
1388474
75250
90583
40610
3060314
1701810
41172
31436
189335
190978
24
17902
67976
23374
0
36877
0
12030
121
95520
57351
563071
1658
124023
714
94481
93998
7981
41172
2918
11575
0
41636
1727
720941
7431
4005847
20757
43805
30914
14277
75250
94544
13178
9638
3181
0
1714
8428
224448
4031780
11048
38510
1844165
1995941
154
94449
471807
41648
0
6767
11603
1255974
27328
15235
14277
506557
94449
0
99603
76329
6567
0
36670
2918
94596
197598
42835
35631
1266114
6257
32487
1609376
199311
88362
20126
90583
1399185
0
0
0
41579
37281
1161
33311
28128
4015616
23964
60490
40385
44644
2283980
1727
55
11575
0
2918
0
75232
0
0
195432
36470
16770
41172
550030
29702
6670
3522367
41596
67113
452
311
40356
41690
0
20759
84169
0
0
19378
5011
107901
430
54044
40385
0
94415
3181
6670
653183
30958
41172
41172
0
282187
32782
17798
0
23964
10374
38510
14829
62589
4015616
1708
12
17228
52111
225984
51777
0
64554
0
490
289011
1629077
29395
0
17798
21721
0
36670
5
0
41172
192
70679
3607419
3714
94449
1960
13112
3757375
4074958
6670
41172
6670
653206
927
8912
12704
99639
3522367
29506
0
52950
0
0
41172
40344
2314
770662
40534
3301306
3757375
124849
60805
31007
2391
2918
808
41172
1989482
76846
25092
0
0
0
94449
3181
6670
1453
42166
1793918
1996
28334
1388474
361211
66085
682
0
3757375
56346
3005208
3456
3607419
418
6887
3526
812
41172
12704
194428
60295
5011
48908
41570
3757375
94449
3517687
17302
3483631
49193
2920
97830
615
0
12
0
3757375
14277
6059
3805
94556
4948
75414
36670
195235
2918
4074958
19378
171746
16422
20759
54379
6670
282194
107507
12928
94449
17902
771398
189746
29506
0
28004
552101
94544
3757375
1138727
75250
615
396361
14277
3181
6782
32
37398
40415
434
2463125
100016
14192
73634
371
29395
0
61529
43860
150945
459142
17902
1624399
14126
3526
17350
6574
3286906
41172
75232
197576
94449
137597
17164
80303
23448
1040
12
194234
75250
0
0
0
41648
12704
9369
98420
0
14192
3181
0
0
38770
5493
75232
0
70679
278011
87
39376
44466
5051
0
94449
41172
11463
50156
41172
429133
12704
25450
43295
14715
28446
94449
69135
781908
224
6670
3607419
94449
123917
75250
3607419
3522367
94449
414
6670
61293
438297
438440
36
1972
1724392
1694412
199804
218126
29532
199804
77580
100645
808
17902
1580601
123973
4082359
1690608
430
0
94556
1956
4948
94544
88400
14277
1527571
193491
38510
29514
5341
