3394507
2697151
6767
173731
620043
117768
89062
885160
128507
89621
34669
116532
17900
39265
6767
104166
1820596
201344
95828
397188
31663
7477
33777
1556551
3958348
53069
245253
7433
227833
12712
101582
187335
140141
803
53069
1983
57809
55956
8715
111708
11008
89062
3973855
1989482
873097
117768
598618
30484
410
34074
383054
132718
35183
51660
22955
1983
9632
6802
89062
7477
89062
27239
3958348
27473
14224
3394507
172678
25965
208439
39590
1793918
615573
117768
10298
1447690
74378
2735286
111708
38989
1883
310194
156660
1701810
5206
116872
410
842909
2288122
17781
410
117768
9050
11203
67997
27579
40146
710
9229
17672
49776
38370
201389
83628
38611
816227
383085
117768
111708
4161524
2517626
187335
181299
13028
199965
63169
466408
200328
56508
23908
44708
410
28087
102091
3517687
4064436
89062
66470
12495
365004
36511
89062
5206
62003
190767
6767
89062
100681
89062
307459
121457
5725704
53069
4040768
598618
219001
2283980
6660
54018
383126
165725
53069
1651253
382681
21253
70035
3103302
42597
10428
95833
656469
3394507
89062
620043
6431255
126452
53069
109281
126452
208439
4064436
401253
5953
117768
117768
89062
14
347524
5986
42574
10645
58313
79895
8497
620043
200513
671358
133492
213128
1883
185450
91266
61593
116872
49590
187335
117768
39056
631100
117768
314342
64148
3394507
117768
30394
152347
217386
30515
383054
193631
175331
4064436
6309
40455
3394507
3394507
4973357
56157
383054
72158
89062
22955
272910
4973357
90382
403
185450
1642226
238795
116566
41696
36338
24026
76458
567098
6767
10440
26923
239904
89062
111708
790427
70642
3869505
6767
91044
50440
36543
117768
1852189
8150
108342
343857
68072
1255931
41115
89062
109067
88937
3631728
34733
4734
4064436
75870
22955
95154
16733
4973357
3394507
95660
89062
164909
24381
13623
11295
46978
23529
52340
9632
6323
2532941
57501
1231174
73574
70194
53069
22279
28318
620043
22
105255
1252996
6822
65496
99639
8899
3394507
87845
9050
5010891
4948
322
37985
279514
118149
254596
1158110
89086
196824
7184
122657
38386
5710
244994
2007542
104939
440
3394507
6767
83119
219001
44857
410
1479427
7429
134
185450
1578953
104166
47815
7974
89062
322694
383054
5631
48018
47840
465724
89062
15203
87097
117768
9632
23509
4948
225787
2285
13672
117768
201451
89062
3973855
6767
44519
3394507
656469
598618
89062
11295
928
440652
50270
1756712
55936
3526687
4774004
309643
22825
620043
787104
415548
8497
98986
2007542
187335
22955
167734
1899043
82418
51419
537374
26732
244994
89062
11730
6767
86837
835
4948
598618
266954
290173
79202
44519
382079
5710
83097
78866
440542
4064436
9050
93120
38401
89062
109283
12121
40908
401021
15186
809910
382588
3958348
30418
201389
99864
22825
78388
4865
5427
57570
188849
200513
16536
4769
383054
1651253
3459953
30418
55930
175331
10590
242766
89062
105243
87845
24287
42105
51732
93569
89062
156202
201060
6802
62525
87845
119856
3863262
197275
217386
185450
598618
95699
244994
185450
158998
39332
117768
18490
238053
53069
15228
2445
663981
126436
1808146
117768
440552
322
52272
23734
22955
30606
9229
620043
89062
217386
6802
87875
81660
185450
52252
62552
152283
87137
37247
6767
3198229
187335
1153271
7615
2729
1819721
1820255
11447
103451
111708
187335
14022
80841
17799
117768
17850
151652
101582
910202
6767
4408
7937
168751
9050
89121
117768
46819
53069
150730
126452
208760
4865
87926
2523119
126436
63169
33241
152283
383051
64385
36206
117768
200028
52856
80427
96860
105243
84963
674065
174587
2730807
657130
219001
44544
259825
291746
91266
102815
89062
97146
89062
60151
87845
104943
17822
241821
620043
98497
12095
188849
598618
5102647
11305
126436
128584
52856
154193
6767
9632
7388
111708
65877
185450
68072
6802
133492
50678
80705
188433
70496
4064436
111708
122446
2592355
177448
3973855
30465
348612
222762
5606
1463502
2793831
50588
43162
903362
196824
104166
44923
3004675
1740294
117768
30878
194136
172079
21302
185450
482246
22034
76458
44825
38655
55932
66672
10440
51189
309148
154248
663086
177171
104943
62444
19645
117768
8497
23969
8495
169278
86237
536348
87204
5102647
126155
45653
87875
111708
196824
620043
17210
79895
9050
41115
7556
21163
217386
5102647
11008
1883
57189
1995941
77162
89062
469739
126436
383054
6843
79895
1255974
29114
17365
111708
26889
89062
322
101696
133492
92219
10250
81639
8497
598618
199568
82113
75288
1253319
6323
19643
1741476
199965
104943
73961
104166
1405990
5418
17822
12686
40411
29227
114751
34088
28697
4774004
22914
60492
93115
44519
2283980
86237
10298
66541
833
8497
27883
201389
410
383126
188849
35169
39133
117768
260709
94218
6767
3522367
117821
68072
2294
130872
38401
40547
28409
124486
177725
1248
695
64732
5011
151396
10409
79564
93115
45762
104943
9050
6767
165912
67834
117768
117768
410
282225
27741
187335
65761
22914
25021
1883
13920
123495
4774004
87921
383148
188391
52214
230909
51777
383054
395555
65997
6581
347512
1429833
39367
403
187335
17948
27468
81639
392864
382681
117768
40419
258435
4064436
3676
89062
5405
223310
3394507
3958348
6767
117768
6767
167398
48033
229411
53069
99639
3522367
95828
14
40534
410
169601
117768
89086
77183
729396
44519
5010889
3394507
266408
60508
112662
7761
8497
177448
117768
1989482
97344
22766
52863
410
383051
89062
9050
6767
8775
79603
1793918
7279
33777
507272
110524
185868
63153
383051
3394507
62117
3004675
3913
4064436
4916
6702
8796
177448
117768
53069
192934
60295
5011
101766
40391
3394507
89062
3517687
15899
3973855
49133
87845
262754
5206
84825
268845
14
3394507
111708
251315
336187
615573
4948
201451
81639
195345
8497
3958348
23950
171754
15153
124486
71607
6767
282225
218761
227833
89062
185450
816227
238795
95828
410
75740
588397
620043
3394507
1150123
196824
680
397145
111708
9050
6802
7388
117815
23908
10409
1996894
98617
104883
90927
4855
95660
23670
83358
117742
197275
67837
185450
1619813
111735
8796
17850
38860
4694304
117768
201389
197101
89062
138005
94145
80532
22955
1044
383148
316643
196824
14
383051
111439
126436
53069
26044
98617
27799
104883
9050
28465
383126
37803
47816
201389
440
258435
284777
17900
22859
52765
5179
65997
89062
117768
11480
54069
117768
69628
53069
81660
282561
56530
65192
89062
43536
816227
30004
6767
4064436
89062
663086
196824
4064436
3524885
89062
4974
6767
53359
44202
10440
61900
42376
1829293
1647694
201344
244994
30152
201344
140015
100645
177448
185450
910951
663086
4973357
1690608
2294
19976
615573
26923
4948
620043
102332
111708
3007961
192943
1883
95660
48195
