1778375
3473893
6777
84131
491126
41077
87248
80909
83987
28439
35955
18172
798
40076
6777
90566
301761
195295
30156
346042
31718
737
29486
1614841
5190591
17717
239229
7726
17988
11538
90876
38654
39572
31
17717
0
52415
29315
101
14406
877
87248
3205415
1989482
121554
41077
94596
31691
300
32492
0
132718
26648
50010
20911
0
8887
6802
87248
3915
87248
34840
5190591
57438
21710
1778375
84272
1414
95757
40221
1793918
561087
41077
2263
1419262
13365
1833270
14406
38188
13672
303440
170191
1701155
615
11095
300
0
2220723
707
300
41077
9768
803
58349
9271
40354
733
1194
16925
56122
22056
146290
37405
40664
559331
0
41077
14406
3223281
1745929
38654
84069
11998
197580
9369
123507
122859
51337
23908
14135
300
14490
102109
3473669
3237079
87248
18901
14180
1146296
63199
87248
737
57900
182290
6777
87248
100681
87248
271232
48834
5664045
17717
3025442
94596
95703
2220723
6602
48077
0
105595
17717
1649320
0
24422
59217
2584196
52772
189
33498
127358
1778375
87248
491126
4787504
41510
17717
22075
42707
95757
3237079
336987
6270
41077
41077
87248
19
217796
5906
61139
9241
58313
51334
8890
491126
192466
124225
78407
2065
24
18565
102899
61915
11095
11974
38654
41077
25173
562300
41077
60671
65501
1778375
41077
32331
147639
211359
78467
0
187222
36693
3237079
6307
40510
1778375
1778375
4439948
56157
0
70308
87248
20911
134133
4439948
29890
0
18565
1647514
196848
127854
39625
18023
9716
54617
123478
6777
803
1711
46040
87248
14406
1581321
27655
4084547
6777
72936
47920
18865
41077
309876
83
24265
364907
63197
1255931
22877
87248
8120
72313
3106690
34730
4786
3237079
74389
20911
17043
16752
4439948
1778375
30151
87248
92555
36642
13528
14490
48602
10679
53275
8887
6655
1680357
52100
1231174
446
70194
17717
22859
28543
565564
25
92950
1253582
6820
60570
96399
6926
1778375
17398
9768
5190591
4948
3984
416
55463
73291
217160
1137816
45186
146298
6442
788
20688
5998
244967
1989482
14466
300
1778375
6777
1085
75901
46284
300
1619421
2503
328
18565
1584607
90566
62337
300
87248
313455
0
13761
44813
47108
72983
87248
14229
88287
41077
8868
26783
4948
8206
10589
26751
41077
205772
87248
3205415
6777
52764
1778375
124769
94596
87248
14490
83
428733
43776
1725337
29637
3473669
5664047
44776
21400
491126
730017
54120
8890
99036
1989482
38654
20911
52810
1778375
46670
145446
74757
26732
235725
87248
2600
6777
38701
31
4948
94596
124065
51454
79544
44519
19953
5998
31682
17407
315740
3237079
9768
45821
38401
87248
84179
63000
17318
336755
15716
758992
0
5190591
30551
146290
98657
21400
40964
371
4475
10765
195055
202436
12597
432
0
1649320
3434481
30551
48339
36693
3243
240277
87248
94399
3759
9545
32767
6662
23839
87248
170243
98662
7048
1764
3759
14406
3736276
193517
228017
18565
94596
83542
235725
18565
66083
38129
41077
20847
269059
17717
11289
2943
804361
41536
1807089
41077
321844
3990
42888
9369
20911
19170
24
491126
87248
228017
6802
83405
35229
18565
52245
21400
151639
88247
38513
6777
3198086
38654
968113
26732
9746
6393
930
13377
100263
14406
38654
16500
22645
17448
41077
16700
16206
87152
569677
6777
4264
300
86148
4302
89121
41077
46626
17717
18691
42681
200431
432
6057
1730509
41536
10072
27745
151639
0
36979
34692
41077
195779
44808
11096
31164
92950
31546
124143
173217
2426927
124023
95703
44541
103377
129466
102899
101724
87248
96718
87248
56109
3759
92950
43557
241391
491126
98497
734
195055
94596
4802215
18610
41536
13567
43056
677421
6777
8903
68
14406
697
18565
42754
7048
106881
50861
8342
56534
27701
3237079
14406
49769
2320700
49250
3205415
1890
364903
18991
2879
1463274
3473669
12135
30442
824491
138227
90566
62017
3004675
1738290
41077
102323
172515
171134
23968
18565
73764
22044
54617
45775
2768
56014
15506
803
10237
567345
15873
165237
69718
94336
21476
8622
41077
8890
18901
0
41973
1890
797090
475
4608683
165935
45786
83405
14406
138227
491126
13178
50347
9768
22877
26732
31405
211359
4802215
16217
11043
76553
1701810
45783
87248
471179
41536
0
6777
50347
1255974
26520
768
41720
26842
87248
3984
98657
83993
6770
7878
39001
8890
94596
198844
41756
11459
1250432
6462
17995
1771404
198838
94399
45964
90566
1399181
2650
43557
0
42641
30274
22179
32707
27004
5664047
21901
61528
33571
44519
2208279
1890
2408
18937
19
8890
8371
146290
300
0
195462
36196
25608
41077
120129
29237
6777
3473669
30632
23360
11969
111964
38401
40589
8636
57460
86429
300
7891
18991
5011
0
423
128836
38700
0
94399
3401
6777
162399
21670
41077
41077
300
51630
26783
38654
44068
21382
15445
24
14992
77818
5664047
7530
0
19397
52882
173621
51911
0
82195
2479
4015
289153
1471295
30156
0
38654
43106
9308
39001
2653
0
41077
203
120463
3237079
3722
87248
1960
52469
1778375
5190591
6777
41077
6777
127751
25739
8912
17717
96399
3473669
30156
19
52764
300
105998
41077
45186
21180
655535
52764
5190591
1778375
123971
61999
31223
2768
8890
45364
41077
1921231
62303
21901
13710
300
0
87248
9573
6777
5118
44428
1793918
1996
29377
643743
31979
153801
716
0
1778375
59043
3004675
3811
3237079
5733
6756
9190
18564
41077
17717
194469
60295
5011
103142
40427
1778375
87248
3473669
86170
3205415
38724
3759
62601
615
16725
0
19
1778375
14406
6047
43727
94556
4948
205772
38700
195510
8890
5190591
18901
417139
16203
57460
89916
6777
51503
121264
17988
87248
18565
559331
222633
30156
300
46141
142123
491126
1778375
274767
196834
615
325287
14406
3401
7048
32
21214
23908
384
1584798
98617
14478
75504
371
103152
10512
85087
33247
201364
426713
18565
1383497
111874
9190
16700
0
3121428
41077
146290
197096
87248
53837
55362
8342
20911
1040
0
238068
138227
19
0
20551
41536
17717
9369
98617
8252
14478
3401
47857
13836
32694
12598
146290
300
120463
54017
9573
22859
52890
4948
2479
87248
41077
10236
48701
41077
21229
17717
35229
94515
24395
29305
87248
42754
559331
5040
6777
3237079
87248
124769
138227
3237079
3473876
87248
11974
6777
51380
14135
707
122616
56053
1644065
1622992
195295
235725
22700
195779
77151
100645
45364
18565
1580921
58432
4439948
1690608
7263
42516
94556
3379
4948
491126
88400
14406
3008057
194155
11043
30151
12363
