1778915
2718723
6767
78706
574190
39865
105015
884535
139180
89550
34669
282373
17220
39262
6767
99326
1946609
199354
77977
377699
31209
3915
84389
1366441
3955430
180441
251770
7425
53369
12646
99368
71352
39789
696
53453
32357
54087
40630
2733
77766
145535
105015
3982161
1997309
172999
39865
542661
31691
321
31778
72973
132718
27485
55018
22955
32357
9728
6746
105015
3915
105015
19532
3940826
95679
21621
1779087
84290
285519
228854
39591
1770837
560441
39865
9969
1419956
16737
2719124
77766
38229
1194
310560
159966
1700957
3298
42325
321
86106
2225145
17107
321
39865
9050
17468
89672
33914
40488
747
1194
13569
58555
100289
189830
47274
38611
874626
107491
39865
77766
3887868
1578068
71352
80888
15281
198907
13022
121764
123843
160090
22859
18837
321
16451
102109
3517470
3978067
105015
18937
12395
1263134
48398
105015
3298
58553
190246
6767
105015
100681
105015
87574
82691
6451675
53453
1626445
479274
49114
2224825
7325
54006
188116
174101
53453
1648973
383312
51483
60392
3103302
44652
17468
89954
165685
1778915
105015
574190
5709509
41484
53453
76324
41485
228854
3978067
710052
4206
39865
39865
105015
28
315826
5906
42574
10244
58313
48975
8707
564842
200556
184605
131017
2466
1194
94997
87538
61590
42325
12082
71352
39865
38211
564885
39865
317603
42070
1778915
39865
30402
146702
217698
21525
86184
192386
86432
3978067
6310
40458
1779087
1778915
4251151
56177
72973
90290
105015
22955
142818
4251151
91884
321
94997
1626731
212344
113896
45465
13763
17468
89285
191682
6767
17469
26923
135633
105015
77766
1366441
41114
3919500
6767
78196
55625
19054
39865
3215939
88
134738
370198
106903
1256671
54380
105015
108485
89008
1604475
37015
4734
3978067
223107
22955
49998
13416
4251151
1778915
96536
105015
170197
30302
13596
16626
46634
163402
54484
9728
6541
1867900
48122
1231174
49654
70194
53453
22806
29082
574576
19
102876
1269818
6823
68261
97478
8751
1778915
21828
9050
4223251
4927
322
416
312912
16779
280695
965928
64415
190636
6649
3891
42838
9915
239686
1999851
77778
324
1778915
6767
29442
49136
43679
321
1482027
7595
190
94997
2061266
99326
56628
7953
105015
315826
86184
7310
49028
100063
324502
105015
14873
87097
39865
9705
26647
4927
9049
6723
19
39865
189830
105015
3976269
6767
42589
1778915
166741
542661
105015
16626
928
447285
14356
1971171
43506
3536459
5209505
43816
51538
574190
629383
53527
8707
131206
1998862
71352
22955
168907
1779271
52317
44744
283347
26732
238917
105015
11689
6767
78124
562
4927
542661
134827
79895
79328
40534
2783
6904
32476
110364
332327
3978067
9050
37186
22976
105015
188459
52823
62785
710052
15186
904776
383037
3940826
26467
189830
98496
51538
96061
2955
9969
56046
187916
199559
13684
2862
72973
1648973
3431697
30418
40761
86602
9579
99559
105015
102850
22408
26732
29845
194
72240
105015
160042
85611
6746
26672
22408
77766
3862544
190636
244815
94997
542661
77479
238917
94997
105570
38447
39865
18943
237804
53453
11289
2637
782192
41530
1798398
39865
451271
332
41073
13083
22955
137704
1194
574190
105015
255836
6746
72793
78043
94997
51898
54631
160599
87137
36369
6767
3198083
71352
1209304
26732
114289
930
930
11337
103502
77766
71352
14022
65833
60485
39865
17354
158068
99372
679470
6767
4203
7879
84134
6410
89121
39865
48715
53453
20637
41484
195250
2955
18065
2518977
41530
13083
137584
160599
107521
40465
36035
39865
199333
10328
56591
81175
102550
31290
660641
179350
2719124
166743
49114
44541
134262
273257
87538
285585
105015
99811
105015
59375
21828
102509
54409
247354
574190
98443
3791
187916
542661
5801817
10443
41530
134340
46674
504843
6767
9728
32
77766
4609
94997
86271
6746
109578
44527
80563
57795
60474
3978067
77766
82102
2362714
69754
3982161
15539
384844
18874
6759
1467120
2702761
29317
26409
1635704
189830
99326
40694
3008717
2017779
39865
30010
158338
181110
29759
94997
208843
23745
179543
45075
304
40649
4031
17468
737551
676291
26094
657188
69748
102494
67354
10443
39865
8707
18910
17415
166766
23563
1635376
86773
5209505
170172
42867
72793
77766
189830
564842
14385
48975
9050
54380
26732
20625
217698
5921332
145535
1194
99648
1705422
45783
105015
269467
41530
86184
6767
48975
1263192
27376
17045
77766
25139
105015
322
98480
125598
89580
10014
75850
8707
542661
200456
42403
11443
1272690
9900
33450
1509988
199459
102509
57832
99326
1407067
9949
54409
786
40437
29880
129511
32105
26336
5209505
23964
60492
76958
40534
2288344
23563
9587
18847
19
8707
27265
189830
321
188116
187616
35147
26730
39865
134747
72135
6767
3517864
81709
106364
10728
12252
22976
41609
27287
57337
107019
1132
8299
22483
4993
128077
1721
79297
74010
24965
102494
6410
6767
267855
59527
39865
39865
321
80578
35163
71352
66155
23017
35628
1194
13501
63426
5205752
45728
121030
94992
51879
219427
54116
86184
450158
181135
210
287543
1623148
90950
321
71352
58515
27386
73925
279445
383312
39865
29386
6857
3978067
3714
105015
1964
52829
1778915
3946948
6767
39865
6767
183796
77165
54393
53453
97478
3517864
77977
28
44519
321
150662
39865
64415
77315
765325
42589
4236806
1778915
165685
61172
110998
7946
8707
69748
39865
1989482
124816
23964
13668
321
107521
105015
6410
6767
8751
97145
1770837
5162
77977
804802
110522
173285
1091
86184
1778915
58435
3004675
3969
3978067
7657
7688
6523
69754
39865
53453
195401
60295
4993
103958
40391
1778915
105015
3517470
15848
3982161
46919
22408
262462
3298
84109
117850
28
1778915
77766
57821
58295
560397
4927
189830
74169
195290
8707
3940826
18838
356585
15472
57377
80448
6767
248225
6508
53369
105015
94985
874626
228300
77977
321
76803
142480
564842
1778915
1145852
189830
3298
396600
77766
6410
6746
32
81192
22859
1696
1601735
98469
77778
109173
4853
96536
46811
83421
82449
190636
71490
94997
1569994
120027
6523
17354
314
3774618
39865
189830
199559
105015
137861
49014
80872
22955
1081
121030
243743
189830
28
86184
10583
41530
53453
211532
98443
27282
77778
6410
28830
188116
41617
12362
189830
324
2209
54001
14546
22402
42597
4927
181135
105015
39865
11524
53432
39865
187009
53453
78043
152899
137911
159899
105015
106903
581966
29464
6767
3978067
105015
166743
189830
3978067
3134319
105015
12509
6767
207950
22168
17468
51941
39267
1726591
1480578
199354
238917
30139
199354
132570
100645
69748
94997
1366441
377693
4251151
1690608
15821
16698
560397
26923
4927
564842
104595
77766
3004675
199559
1194
96536
12363
