3198091
2661547
6767
83866
620043
41022
96445
885154
101612
92665
37297
299289
37023
39265
6767
103368
795495
199818
95768
396232
31663
15726
32584
767558
4118035
53069
245248
7433
228117
12506
103466
93484
40977
31
53069
32407
53814
61378
6856
111582
15075
96445
3973855
1989482
179272
41022
596176
30484
321
32740
382671
132718
34674
49686
22955
32407
32057
6802
96445
15726
96445
16964
4030747
44400
17302
3198091
172669
35778
209213
39590
1793918
615573
41022
10224
1393799
23555
2663491
111582
38989
1841
310194
159966
1701810
5206
38402
321
688005
2288122
17781
321
41022
8706
10440
91471
16711
41137
710
1841
17313
49776
30406
201445
74906
38611
588250
382649
41022
111582
3434150
2517626
93484
110635
21642
199329
63169
127373
48813
63000
23908
26922
321
20919
102091
3517687
3990499
96445
18937
12594
1149410
36345
96445
5206
58557
190739
6767
96445
100681
96445
299261
119641
4145609
53069
1623271
596176
219001
2283980
7137
49288
383924
165725
53069
1651253
384348
46109
75597
3104157
42597
10428
98775
128278
3198091
96445
620043
4177311
82934
53069
95417
82934
209213
3990499
336809
5953
41022
41022
96445
49
322700
5986
42574
10315
58313
48975
8450
620043
199559
278957
85921
2466
1841
91176
78870
60121
38402
12042
93484
41022
39056
631100
41022
314202
64144
3198091
41022
31229
151639
217386
20443
382671
194087
65674
3990499
6310
40455
3198091
3198091
4177898
56157
382671
67465
96445
22955
124877
4177898
92562
339
91176
1642214
238795
276203
45290
52650
17634
121411
124706
6767
10440
26923
178664
96445
111582
1614841
66748
3869505
6767
82230
49076
23590
41022
783384
3882
135071
370561
104790
1255931
36471
96445
108094
94328
1676599
40915
4759
3990499
136118
22955
39947
17419
4177898
3198091
95597
96445
164909
24381
13513
21535
47259
11830
53167
32057
6461
1691576
60810
1231174
73574
70194
53069
22340
28628
620043
40
107031
414282
26176
86541
99639
8809
3198091
3806
8706
3826104
4927
40133
49441
279146
124095
254596
1135749
67706
196824
2137
14417
29462
5932
244989
2007542
111582
321
3198091
6767
17340
219001
42635
321
1479380
7429
47253
91176
1449586
103368
42390
7855
96445
303525
382671
6476
44517
30406
325377
96445
14787
92374
41022
9764
23631
4927
225787
14847
19
41022
206259
96445
3973855
6767
44519
3198091
134752
596176
96445
21535
928
440658
24113
1756712
61042
3526687
4014819
44266
22964
620043
691238
25018
8450
98986
2007542
93484
22955
168309
1926014
76939
155502
402524
24287
244989
96445
11783
6767
82334
40
4927
596176
266408
282507
79202
40534
2783
5932
110858
37160
440642
3990499
8706
45219
38420
96445
83342
44380
43448
336780
15541
708242
383942
4030747
30349
201445
98617
22964
78103
4853
10166
45901
188849
199550
12597
4769
382671
1651253
3427946
28379
61004
65674
10323
225872
96445
107037
3806
26732
37977
32505
29741
96445
159966
102606
6802
15991
3806
111603
3863262
197275
217386
91176
596176
95608
244989
91176
158989
39360
41022
19849
238053
53069
11289
2445
663783
121667
1807545
41022
440552
40013
51204
54730
22955
36704
1841
620043
96445
217386
6802
95618
58331
91176
51909
47679
149068
89370
36203
6767
3758148
93484
1244579
26732
1265
1819721
1819721
14579
103439
111582
93484
14022
54353
18429
41022
17244
198800
103466
793168
6767
4518
7822
66657
8706
89121
41022
46819
53069
72982
82934
208831
4853
36942
1861476
121667
63082
27745
149068
382630
26610
36216
41022
199916
23555
36206
69452
106731
32184
177339
183588
2701076
128824
219001
44544
252559
291746
78870
102789
96445
97115
96445
169013
3806
106731
21490
241811
620043
98497
3609
188849
596176
4024983
30039
121667
154227
23555
821212
6767
9764
48
111582
27500
91176
104790
6802
85921
50678
80707
55751
78389
3990499
111582
120715
2592355
62703
3973855
15732
380080
23563
10799
1460399
2793831
65127
43066
1635376
196824
103368
63025
3004703
1740294
41022
30878
194155
182663
32085
91176
482001
20223
121411
46211
38764
61006
4223
10440
119879
325439
85764
272910
62770
106731
117448
21665
41022
8450
16603
21527
167712
13021
804273
86948
4024983
180103
44214
95618
111582
196824
620043
14321
48975
8706
36471
26732
31286
217386
4024983
15075
1841
107550
1995941
53125
96445
469763
121667
382671
6767
48975
1255974
27186
17365
111582
27349
96445
40133
116977
85921
90203
15709
77884
8450
596176
198932
122054
75272
414282
6549
19643
2487173
199329
102191
43790
103368
1399343
9410
21490
12686
40413
29421
700625
33463
25626
4014819
22914
60492
80376
40534
2283980
13021
10219
66668
40
8450
27870
201445
321
383924
188849
35154
26730
41022
252213
101630
6767
3522367
114543
29570
5713
116505
38420
40582
28393
54511
127551
6952
8697
71231
4993
147825
10522
79065
68345
45762
102191
8706
6767
656469
52280
41022
41022
321
282225
23776
93484
22841
22914
41215
1841
14044
84227
4014819
58929
382706
95321
52168
217017
51777
382671
395555
181121
7634
322688
1429833
38332
339
93484
46594
27380
77884
394394
384348
41022
49374
2252
3990499
3676
96445
1893
249991
3198091
4030747
6767
41022
6767
281450
10751
229411
53069
99639
3522367
95768
49
40534
321
168630
41022
67706
77183
325561
44519
3897800
3198091
124849
60506
112559
7761
8450
62703
41022
1989482
89365
22766
23555
321
382630
96445
8706
6767
8775
80038
1793918
7279
32584
528266
93711
174412
1091
382630
3198091
62125
3004703
3817
3990499
2197
6622
8796
62703
41022
53069
193204
60295
4993
113078
40391
3198091
96445
3517687
15910
3973855
49133
3806
97830
5206
85197
268963
49
3198091
111582
58156
54978
615573
4927
206259
77884
195334
8450
4030747
16556
332606
15153
54511
60526
6767
269181
2683
228117
96445
91176
588250
238795
95768
321
69433
560084
620043
3198091
1145423
196824
5206
353931
111582
8706
6802
48
114606
23908
10492
1673440
98617
111582
61705
4843
95597
23722
77249
114530
197275
107484
91176
1619813
111610
8796
17244
38968
3948647
41022
201445
197101
96445
137561
36421
80560
22955
1044
382706
243155
196824
49
382630
174631
121667
53069
26044
98617
27787
111582
8706
25510
383924
42040
12378
201445
321
2252
284777
37023
22859
44527
5202
181121
96445
41022
12970
53839
41022
138709
53069
58331
208573
68029
63147
96445
42746
588194
33396
6767
3990499
96445
134752
196824
3990499
3524165
96445
5715
6767
53355
14931
10440
156450
42210
1707382
1647650
199818
244989
30150
199818
81621
100645
62703
91176
1865761
134752
4177898
1690608
5720
21583
615573
1757
4927
620043
101571
111582
1907402
193123
1841
95597
12379
