328002
2736848
6767
85320
621207
39875
88319
25848
101093
93238
36657
427144
17902
39265
6767
90843
1822755
199818
29362
285267
31663
3915
29385
1366361
4011405
12704
218106
558
12928
12682
90837
93877
40929
19
12704
1857
53842
50807
64
14289
14750
88319
3888528
1989482
144964
39875
545440
30488
1466
32301
269267
112363
34967
51021
20911
1857
8961
6782
88319
3915
88319
24524
4011405
33000
21623
328002
153349
13141
83391
39590
1793918
561338
39875
9230
1444428
14328
1769941
14289
39055
22
275342
169002
1701810
615
23262
1466
85688
2283980
10428
1466
39875
5090
10440
51008
52079
41140
738
22
14103
47685
21100
201546
10173
48879
571558
268878
39875
14289
3187169
2517626
93877
100779
21599
199359
9369
121250
123282
42553
23908
18000
1466
18607
102163
3473669
3384613
88319
23563
13221
1264130
34121
88319
615
58553
190619
6767
88319
100681
88319
30122
133512
5190593
12704
4016500
545440
219012
2283980
6891
48966
15457
178297
12704
1651253
28390
21360
57454
2584168
42597
15205
20029
124771
328002
88319
621207
5664047
41447
12704
95901
41447
83391
3384613
336987
1232
39875
39875
88319
28
357847
1106
52934
9496
58313
48975
4913
621207
199532
167267
88457
2476
22
104511
63680
61589
23262
12048
93877
39875
38232
593258
39875
59679
42479
328002
39875
30348
109646
217498
84263
269267
195300
88579
3384613
6252
40455
328002
328002
4134360
56150
269267
39380
88319
20911
127258
4134360
93513
297
104511
2585453
183191
139805
44479
35149
19584
56118
118592
6767
10440
2963
103610
88319
14289
1366361
18029
3886843
6767
50556
49045
27838
39875
50293
143
97532
145818
42628
1255931
14080
88319
18020
86730
4009446
32548
4734
3384613
10119
20911
31014
15379
4134360
328002
29363
88319
178185
28460
12342
18608
46361
12564
54493
8961
6257
1636568
50847
1231174
404
70194
12704
21923
29100
565941
28
94721
1268857
6766
54732
99639
8734
328002
15030
5090
3187691
4948
40036
31489
60235
100935
254596
1115822
63168
196996
5284
3783
24473
5677
218106
1989482
14289
300
328002
6767
8996
219012
42630
1466
1623078
2434
148
104511
1442122
90843
63507
300
88319
334730
269267
12519
45367
21100
85163
88319
14443
88215
39875
8962
34834
4948
9049
5660
19
39875
206221
88319
3888528
6767
44519
328002
128138
545440
88319
18608
81
434832
46259
1725337
50738
3473669
5190591
44386
21360
621207
1015059
39400
4913
98986
1989482
93877
20911
53073
1778875
48279
81013
92511
6595
218106
88319
2769
6767
64270
19
4948
545440
123943
289535
78755
42589
8795
5677
31567
18800
429145
3384613
5090
41408
38401
88319
88984
43635
21331
336755
16098
752823
28390
4011405
38754
201546
98617
21360
40934
371
9224
14161
188520
199532
12597
310
269267
1651253
3886343
38754
50738
88579
8919
154928
88319
94409
15030
24287
28676
37683
17791
88319
169002
75645
6782
1890
15030
14289
3736276
197286
217498
104511
545440
83223
218106
104511
146262
41382
39875
19421
269059
12704
11289
2743
643941
41476
1821056
39875
434937
39985
63700
54604
20911
19161
22
621207
88319
217498
6782
88034
40918
104511
52958
21390
109646
88175
37027
6767
1778991
93877
1129492
6706
12500
301761
143801
13458
98502
14289
93877
9661
10855
19070
39875
17018
26340
90846
661707
6767
4408
300
88215
5090
89121
39875
46819
12704
37024
41447
51365
371
37142
2476922
41476
10072
27745
109646
383057
16701
36182
39875
199818
23569
14080
64561
94409
31287
653268
187238
2516501
148203
219012
50829
250145
94066
63680
97009
88319
99816
88319
59249
15030
94409
12692
214938
621207
98617
3667
188520
545440
5190593
18603
41476
2313
10855
24527
6767
8950
68
14289
27746
104511
42668
6782
88457
42597
34953
55750
69232
3384613
14289
79204
2574306
75777
3888528
1890
247126
23644
11302
1460436
2771863
12345
18983
649007
196996
90843
48130
3004675
1738290
39875
30043
184595
140766
23606
104511
84331
21979
56118
47594
38776
50847
3995
10440
10594
570546
17826
128135
75756
94409
20597
18603
39875
4913
18937
68535
42196
2567
784012
11663
5190593
122786
46172
88034
14289
196996
621207
13178
48975
5090
14080
24287
24096
217498
5190593
14750
22
69327
1995941
8953
88319
471178
41476
269267
6767
48975
1255974
28026
179
14289
26927
88319
40036
98697
88457
6554
7881
46783
4913
545440
199359
40531
18383
1268857
6743
19625
1607843
197794
94417
54673
90843
1399343
9266
12692
111
41516
30021
694885
33305
26804
5190593
21901
60492
50468
42589
2283980
2567
9262
18973
25
4913
19781
201546
1466
15457
188520
34022
27094
39875
252916
57638
6767
3473669
36496
23294
10528
1932
38401
40547
27209
57524
100775
300
8066
25174
5011
1161
419
104641
50468
45762
94417
5090
6767
234943
54013
39875
39875
1466
281881
34825
93877
22883
21382
25667
22
14553
76778
5190593
17826
383075
104484
52958
228355
51724
269267
81080
77337
4212
347533
1619421
29362
297
93877
32020
8538
46783
21311
28390
39875
17727
116704
3384613
3676
88319
2034
13112
328002
4011405
6767
39875
6767
166477
46559
9358
12704
99639
3473669
29362
28
44519
1466
169524
39875
63168
11642
664911
44519
3223502
328002
123972
60506
31223
2697
4913
75756
39875
1989482
100787
21901
10855
1466
383057
88319
5090
6767
1507
41988
1793918
2302
29385
296775
31226
151225
62873
383057
328002
57720
3004675
3763
3384613
2098
6888
5213
75777
39875
12704
192650
60295
5011
104430
40391
328002
88319
3473669
24529
3888528
49194
15030
97830
615
12465
269382
28
328002
14289
6478
58272
561338
4948
206221
46783
194696
4913
4011405
18910
171001
16057
57524
44557
6767
268825
115581
12928
88319
104511
571558
183191
29362
1466
63174
553080
621207
328002
1147767
196996
615
396089
14289
5090
6782
68
36497
23908
414
1575287
98617
14289
166617
371
29363
21352
77268
37242
197286
73527
104511
1471966
14289
5213
17018
38835
3841377
39875
201546
197117
88319
137549
24530
34928
20911
1288
383075
250617
196996
28
383057
2252
41476
12704
9369
98617
9260
14289
5090
70288
15457
28676
12159
201546
300
116704
280854
17902
22859
42597
4948
77337
88319
39875
10253
48974
39875
21481
12704
40918
115611
19584
31787
88319
42754
664911
17727
6767
3384613
88319
653183
196996
3384613
3473669
88319
5661
6767
207137
18000
10440
227064
11188
1699359
1647647
199818
218106
23424
199818
116033
100645
75756
104511
1366441
148203
4134360
1690608
10569
42291
561338
26923
4948
621207
88421
14289
3015103
192959
22
29363
12101
