3817591
2516458
6777
75846
94544
41148
87206
80779
116033
24890
36657
76683
12868
40061
6777
84732
326611
198356
28336
417577
32257
714
29404
1554161
4818793
12704
237678
474
12928
12540
84732
17707
40966
103
12704
0
54734
55442
65
5124
2084
87206
3237644
1989482
442
41148
94639
31696
300
34138
5052
132718
26783
49434
22955
0
8856
6782
87206
714
87206
24402
4781024
43629
16811
3817591
172670
17729
31042
45697
1793918
94556
41148
8569
1419262
43489
2718910
5124
38996
23
281548
77
1657841
615
20384
300
85119
2283980
17321
300
41148
3291
17321
55946
1186
39009
687
24
297
49776
81886
138043
0
38611
551220
3085
41148
5124
4102245
1517150
17707
88828
21844
198512
9369
121631
73610
42812
23908
26805
300
108
102163
3475701
3371953
87206
23563
13194
1171347
2110
87206
615
57227
192014
6777
87206
100681
87206
271699
44907
4781024
12704
4015065
94639
232167
2283980
7036
47592
0
8639
12704
1650598
0
28
55922
3103302
40542
17321
1863
124771
3817591
87206
94544
4789118
41494
12704
17612
41494
31042
3371953
315826
1232
41148
41148
87206
40
335282
1106
50654
2702
58313
115885
2918
94544
192673
141270
99208
2131
23
17715
102889
61618
20384
4361
17707
41148
39038
94544
41148
60571
48067
3817591
41148
31115
160960
228124
20601
5052
193773
38060
3371953
6218
40455
3817591
3817591
4777238
57192
5052
33052
87206
22955
124799
4777238
26220
297
17715
1647934
237333
86547
40456
44064
17321
179693
118588
6777
17321
2883
58600
87206
5124
1580601
5230
3426675
6777
52883
49195
18847
41148
1775535
7017
101048
347084
67080
1255931
42415
87206
14415
86161
4396825
24501
4734
3371953
56936
22955
17600
300
4777238
3817591
29532
87206
8581
24381
12999
8401
46347
821
49314
8856
7133
2421985
47231
1231174
383
70194
12704
22431
29344
94544
31
89496
1248984
6731
39706
99639
8809
3817591
2922
3291
4992933
4948
460
17957
48619
0
251307
1139572
38101
146121
1478
1791
32563
5932
237928
1989482
41651
297
3817591
6777
10339
269694
45218
300
1476348
2391
110
17715
1439157
84732
65272
297
87206
303537
5052
379
45997
50182
64486
87206
14243
88359
41148
8865
26783
4948
8206
319
25
41148
141871
87206
3237644
6777
44519
3817591
124770
94639
87206
8401
81
436017
18610
1756712
34147
3524165
4145609
15052
4860
94544
604950
352
2918
131466
1989482
17707
22955
1252
1778335
48563
40232
73587
24287
239239
87206
2600
6777
36249
49
4927
94639
128916
76978
78584
40534
2419
5932
32441
5176
428733
3371953
3291
24653
38420
87206
131812
43621
9706
303531
15979
769343
0
4781024
26467
138043
98617
0
40947
371
8525
5063
181408
196639
12597
310
5052
1650598
3433342
26467
49674
37020
8553
237433
87206
89496
2922
24287
38698
7161
24600
87206
133
87225
6782
1762
2922
41595
3863262
134810
228124
17715
94639
29829
239239
17715
161119
38158
41148
20318
238488
12704
11289
2815
643941
42736
1793918
41148
441421
39978
64142
9369
22955
20795
24
94544
87206
228124
6782
30888
36154
17715
54949
4900
160960
88319
37035
6777
1778335
17707
1111824
6671
1377
1069
928
16599
103507
5124
17707
14854
4900
19137
41148
16718
11203
84732
569651
6777
4203
297
85009
3291
89121
41148
46819
12704
14689
41494
350136
371
6165
2565962
42736
9369
27745
160960
5064
6929
35780
41148
199531
7150
12060
44592
89496
31385
125028
97256
2683504
124852
232167
42609
131598
291746
102889
96983
87206
97827
87206
56033
2922
89493
2336
221835
94544
98617
3853
181408
94639
4157489
47
42736
121081
43389
797925
6777
9940
48
5124
19953
17715
67080
6782
76914
50678
80611
60225
55922
3371953
5124
49686
2574306
821
3237644
1762
347084
23599
394
1463417
3360125
14373
1254
663901
146131
84732
48364
3032411
1740954
41148
30921
186896
167139
18576
17715
67707
20227
179693
44820
460
34650
113
17321
5513
305947
44681
55038
794
89493
20600
47
41148
2918
19018
1
41383
61923
535256
21726
4145609
53707
42673
30888
5124
146131
94544
13178
115885
3291
42415
6631
4652
228124
4157489
2084
23
73481
1700957
9039
87206
471235
42736
5052
6867
115937
1255974
27444
1399
5124
25437
87206
460
116977
79708
6562
300
43344
2918
94639
198481
41965
27055
1250259
7412
20543
1692997
198512
89493
45821
84732
1406133
819
2336
0
41523
29792
74798
34291
26510
4145609
22914
60438
38062
40534
2283980
61923
8563
22465
40
2918
19743
138043
300
0
181408
35120
26730
41148
141181
29701
6777
3475701
50303
67116
373
1128
38420
40547
27074
19486
76890
297
7893
17092
4993
111600
428
79371
36305
45643
89493
3291
6777
653183
31560
41148
41148
300
81120
26783
17707
4900
22914
26972
23
14474
77279
4145609
5200
15524
17705
52245
202449
51777
5052
64554
178688
280
336755
1619921
29522
297
17707
98320
8605
43344
5640
0
41148
62
11690
3371953
3672
87206
1960
13112
3817591
4781024
6777
41148
6777
263118
46372
9055
12704
99639
3475701
28336
40
40534
300
17625
41148
38101
27638
521035
44519
4992933
3817591
124893
60513
31978
2391
2918
821
41148
1989482
75851
22766
46902
300
5064
87206
3291
6777
8778
42915
1793918
1996
29404
630972
94051
175260
19953
5064
3817591
57723
3032411
3957
3371953
329
6765
3292
821
41148
12704
194855
60295
4993
102654
40394
3817591
87206
3475701
16666
3237644
46977
2922
104822
615
10284
15451
40
3817591
5124
6047
8829
94556
4927
141871
43344
196544
2918
4781024
18973
184170
17227
19486
36563
6777
53210
2645
12928
87206
17715
551220
237333
28336
300
46204
141761
94544
3817591
1140895
146131
615
356315
5124
3291
6782
48
50336
23908
8793
1556974
98617
41602
88465
371
29403
7005
67064
45223
134810
283282
17715
1471631
41399
3292
16718
38620
4088420
41148
138043
197095
87206
137641
14743
80611
22436
1040
15524
204245
146131
40
5064
0
42736
12704
9369
98617
19754
41602
3291
0
0
32691
5643
138043
297
11690
52114
12868
22859
44527
4927
178688
87206
41148
11480
48011
41148
66199
12704
36154
42056
13046
32507
87206
42562
550891
375
6777
3371953
87206
128226
146131
3371953
3525062
87206
373
6777
68174
26805
17321
107510
0
1944590
1479385
198356
239239
22764
198356
84761
100645
821
17715
1554161
128226
4777238
1690608
368
111
94556
26923
4927
94544
89509
5124
3032411
194747
23
29532
5080
