3757375
3239993
6867
146802
628270
39999
93371
81022
75816
25761
34105
32238
58043
39300
6867
86043
140765
196262
29378
275600
31232
3853
29402
1580561
4000976
12704
220282
502
12928
12560
86043
31248
39542
103
12704
679
53983
57964
95
14321
100337
93371
3910234
1921770
125383
39999
661890
30484
300
32391
5052
184758
43423
51264
22955
679
8886
7696
93371
3853
93371
375137
3978210
62974
16797
3757375
160942
107812
30914
39596
1793768
548158
39999
9414
1448236
48352
2687704
14321
38171
24
287584
77
1649025
615
8927
300
10229
2283980
803
300
39999
3385
14171
43778
2447
40579
927
24
15118
45789
45183
189836
0
38611
762124
5052
39999
14321
3958327
1563223
31248
130956
21576
198805
10072
121211
123595
53071
24281
14171
300
4872
102091
2741311
4045270
93371
18847
12594
1170944
61842
93371
615
58011
190562
6867
93371
100681
93371
44410
48944
6431255
12704
3610668
661890
217076
2288122
6775
53629
14569
12862
12704
1649860
17115
17570
57512
2626694
44527
707
75184
126668
3757375
93371
628270
5725704
40356
12704
21302
40356
30914
4045270
625826
1232
39999
39999
93371
46
291298
1106
42574
9139
58313
229206
3001
628270
198905
188794
76886
2062
24
23725
76340
61865
8927
5230
31248
39999
39074
323101
39999
57961
62334
3757375
39999
30343
155565
236955
78369
5052
192364
104246
4045270
6250
40459
3757375
3757375
4000976
56159
28486
57264
93371
22955
126668
4000976
26838
300
23725
1626685
199541
87769
40520
28890
14171
77362
119915
6867
14171
26923
50936
93371
14321
1580561
27479
3886843
6867
75647
50030
18847
39999
1778375
358
80675
370576
69206
1256187
14491
93371
108192
88319
3610668
51282
4734
4045270
279255
22955
14057
14312
4000976
3757375
29378
93371
12862
28460
13593
8631
47771
108472
48912
8886
7196
1652541
43781
1231174
446
70194
12704
22859
29174
628270
25
88401
1271651
6765
67186
99639
8575
3757375
12562
3385
4000976
4927
4330
2285
249233
98588
243200
1139185
74131
189839
2521
3679
40935
5566
219886
1933151
14321
300
3757375
6867
29643
217076
43854
300
1479495
2128
190
23725
1602448
86043
40613
300
93371
345597
5052
7256
45249
39234
92778
93371
14873
88395
39999
8932
697548
4927
9049
5476
24
39999
190272
93371
3910234
6867
42589
3757375
158958
661890
93371
8631
946
328285
49955
1970992
55623
2870496
5243359
15023
14009
628270
1222164
6019
3001
131231
1933151
31248
22955
77571
3757375
37059
144760
80271
24287
214453
93371
2430
6867
97737
106
4927
661890
656469
77282
79184
42589
8795
5932
31576
107374
330488
4045270
3385
11010
24965
93371
214742
62877
20350
301836
15216
296100
17115
3978210
26467
189836
101708
14009
40944
371
9451
11294
185300
199532
12597
310
5052
1649860
3438970
26467
55363
104246
9639
80763
93371
88401
12562
9545
47172
1007
24633
93371
17106
110313
7696
61723
37213
14337
4067556
189839
235126
23725
661890
30889
214453
23725
160999
39008
39999
20318
216139
12704
11289
2932
643831
41527
1793768
39999
441284
54
40896
10072
22955
27286
24
628270
93371
235126
7696
30918
57488
23725
52306
14370
149831
90515
36330
6867
3762236
31248
1224650
24342
100104
1819721
1819721
13461
103502
14321
31248
10494
38476
60808
39999
17356
124453
85746
757765
6867
4408
300
69573
3391
89121
39999
48908
12704
17817
40356
704706
371
21743
2506412
41527
10072
32022
155565
5052
42101
36137
39999
196262
37069
38476
76118
88401
30918
664823
204657
2680837
165951
217076
42609
131518
129466
76340
102820
93371
98491
93371
54663
12562
87594
39061
247785
628270
99690
3853
185300
661890
5358309
8624
41527
116673
45838
762270
6867
8932
68
14321
1029
23725
68864
7696
76884
42597
80845
58119
44760
4045270
14321
49915
2389852
21881
3910234
1762
381573
19054
11671
1463476
2794560
29678
41707
1388474
189836
86043
40413
3032383
1995941
39999
30017
172496
167620
15826
23725
79632
20205
77362
45669
460
57453
15506
14171
525151
305947
30204
653199
21881
87594
41879
8624
39999
3001
18838
1855
41595
1762
722162
5846
5358309
103491
46532
30918
14321
189836
628270
13178
229206
3385
14491
9545
17495
217498
5358309
100337
24
32242
1701810
8831
93371
470221
41527
5052
7827
229206
1256674
27378
17321
14321
25575
93371
4330
101695
76886
6568
300
94791
3001
661890
199022
41596
27167
1266669
6257
18349
1670950
198894
88401
42691
86043
1406931
9311
39061
85
40380
29227
104559
32531
25768
5358309
22914
60505
69472
42589
2285180
1762
9611
18937
165
3001
27353
189836
300
14569
185300
36401
16770
39999
125982
30939
6867
2794560
44844
69206
14953
1348
24965
40552
27193
38117
80117
300
7914
23563
4993
107843
571
79303
94791
45642
88401
3326
6867
653211
71486
39999
39999
300
52198
697548
31248
49024
22914
26589
24
13606
60770
5358309
25093
14291
23725
52614
227974
54285
28486
91144
54688
3941
292701
1619573
29378
300
31248
48419
27367
94791
18124
17115
39999
12104
6077
4045270
3714
93371
5334
13112
3757375
3978210
6867
39999
6867
162591
77183
9330
12704
99639
2794560
29378
46
42589
300
69296
39999
74131
26417
557056
42589
4000955
3757375
133786
61970
31221
2391
3001
21881
39999
1989482
75859
22914
14120
300
5052
93371
3391
6867
8772
40906
1793768
1996
29378
643743
93519
172745
773
28486
3757375
57326
3008623
3990
4045270
409
6693
3296
21881
39999
12704
199259
60295
4993
111446
40391
3757375
93371
2794560
16640
3910234
46980
12562
243876
615
10754
28552
46
3757375
14321
6214
34600
548158
4927
190272
84961
194152
3001
3978210
18838
144336
15984
38117
50678
6867
281951
6877
12928
93371
23725
762124
199541
29378
300
72917
123905
628270
3757375
1168083
189836
615
398704
14321
3326
7696
32
44844
24281
1441
2454278
101695
14326
62331
371
29378
14370
61883
41974
189839
31810
23725
1619816
12427
3296
17356
171
4280425
39999
189836
199532
93371
137861
8594
80845
22955
1266
14291
205315
189836
46
28486
320
41527
12704
10072
101574
27365
14326
3326
23067
14569
47773
5230
189836
300
6077
54766
62443
22859
44527
5202
54688
93371
39999
11479
49615
39999
199403
12704
57488
113111
24375
30189
93371
68864
762124
12072
6867
4045270
93371
157710
189836
4045270
3962053
93371
14794
6867
69340
14171
14171
155887
23242
1726612
1479312
200815
222883
30152
196262
75042
100645
21881
23725
1580601
653183
4000976
1690608
11730
24297
548158
26923
4927
628270
87558
14321
3032383
195374
24
29378
5078
