68265
30448
5
44796
201666
8358
23283
223238
5786
5719
0
5592
0
39182
5
0
56439
18
0
292004
30457
1067
0
34244
79609
362
502
20
5489
92072
13328
182492
8356
43972
362
0
161
42206
287388
81832
126538
23283
71128
2069633
2328
8358
207095
169200
0
6076
81987
1355628
32904
25353
79101
0
0
5
23283
1067
23283
40683
79343
5
39210
68265
17731
5176
0
8654
27447
206094
8358
15051
4299915
0
0
81832
0
41767
374
89348
850
0
105
0
230207
7577509
31845
0
8358
0
62014
23337
0
2038
41866
37681
62179
50268
0
0
50339
0
29
83568
8358
81832
84268
0
181588
45683
21810
47107
31824
126018
73566
0
0
0
0
224994
104958
1198959
75844
23283
0
34743
1257034
281
23283
0
14560
0
5
23283
101833
23283
5322
96151
276
362
42173
206096
1061951
7577509
39853
7054
103371
114843
362
3368853
134753
11102
71
273
140
35529
72118
91469
68265
23283
201666
544
8407
362
177197
8401
0
75844
47056
47428
8358
8358
23283
75270
4814
29152
197290
66
51277
307
0
201666
569
42968
548
0
37681
182234
102
94050
105
1238
181588
8358
0
206978
8358
84412
15006
68265
8358
12788
17303
496720
11833
81987
0
4015
75844
38698
40777
68265
68265
85369
133
81987
4928
23283
80264
104609
85369
5724
0
182234
2918067
166972
80456
2519
4027
44442
62962
126018
5
43166
33937
0
23283
81832
0
41829
0
5
117203
4407
5244
8358
59140
42204
10668
176
187284
4240748
3209
23283
9242
0
39201
58901
34663
75844
993852
79101
9
0
83679
68265
0
23283
114841
10931
92670
191555
45598
128846
64836
0
40906
65327
33240
4199128
74239
63229
362
100046
13725
206978
0
413
933174
42037
0
22792
99087
68265
181473
0
83157
36296
73338
29365
1190978
2752
504409
1990452
125057
0
971449
1844
44830
35366
1701
2075008
87439
0
68265
5
9356
8315
16725
18227
3051560
0
67157
182234
2596
0
4296
3202
23283
4984
81987
18068
0
0
116598
23283
93010
37228
8358
0
0
33303
89751
18888
38175
8358
0
23283
71128
5
94329
68265
106622
207095
23283
229721
1845
26631
0
5865981
37157
1415981
178
527
12827
201666
4440
9674
0
4053605
2075008
182492
79101
185530
60376
147349
4549
117613
2689
1737
23283
7450
5
121271
0
39938
207095
270
2001
0
86559
82286
35066
40261
69505
25141
75844
0
25727
104
23283
51822
5
0
48091
34403
17732
131193
79343
12720
0
2010
9250
0
11266
14389
27766
0
175
0
24784
81987
3368853
100
6411
34780
5111
0
11260
23283
0
181473
42860
44468
2
68595
23283
118786
14318
5
40597
181473
87626
0
0
492000
182234
207095
621
1737
182234
19596
0
8358
34432
1594236
362
0
3083194
115500
8415
66112
8358
57270
98148
3280
9539
79101
2921
41532
201666
23283
492000
5
0
54905
182234
50619
13018
21072
37280
13413
5
92639
182492
1951766
50774
125081
44794
46633
1175
66681
81832
182492
7975
1561
1582556
8358
94798
9577
0
0
5
56563
4166
0
0
87431
8358
41965
362
17888
8401
936817
0
3173
19047
8415
9106
715042
19796
78496
1800
4614
8358
252
3169
3225
115884
205
48983
44191
15893
0
105680
1060943
1023
147746
637057
299
1367351
23283
14746
23283
51143
181473
8483
3184
1737
201666
11643
3205
0
207095
178
5386
8415
1853
0
47862
5
892
38541
81832
6630
182234
349369
5
36
5685
1316128
99293
491
75844
81832
500
7802499
0
71128
36626
176
0
61202
2418092
1415981
35000
21771
0
0
0
60413
11707
181072
8358
0
2500
11641
47548
182234
116569
59302
60965
7007
81627
33578
110418
46049
1876154
0
0
104285
0
8489
1585166
1660
8358
0
0
80585
52173
181252
169507
13652
255
149922
45445
0
81832
0
201666
8
164
0
3209
22577
48324
54222
178
126567
38541
2161
179063
89726
23283
1597258
8415
81987
0
307
4526633
74858
5460
81832
10688
23283
73338
472
548
213334
26591
115038
0
207095
14796
5274
8458
954429
40906
33802
69093
31212
300
0
0
4007163
9209
3184
43833
8026
15016
210
7224
36148
255
97888
98191
130866
88106
7578342
181252
16217
0
0
0
52931
0
0
103371
0
13067
55093
8358
108753
24374
5
1415981
68582
28651
17490
12593
104
0
57016
12407
11277
5015
397
14966
0
14586
10895
530
124620
125887
516
0
5
3483
115920
8358
8358
0
9057
141
182492
8273
97890
0
37681
35964
5858
255
36564
78617
181530
48009
29800
47619
81987
115967
53842
90694
10493
6237855
0
0
181588
0
30273
115038
148979
134753
8358
63894
3298
75844
76186
23283
41546
346
68265
79096
5
8358
5
42526
0
63565
362
23679
1415981
0
75270
0
0
448090
8358
125057
132223
0
94329
80435
68265
119107
102673
196057
705
0
0
8358
1991217
43072
106948
6
18227
78496
23283
0
5
103621
0
12564
53010
0
112536
1881946
5125
86630
81987
68265
14010
2080683
20099
75844
10963
94430
0
0
8358
362
0
53263
0
110842
35281
68265
23283
1415981
275
71128
37553
181473
1732957
0
17287
82036
75270
68265
81832
27014
2706
206094
38959
0
114934
0
0
79343
15544
230694
34406
796
223
5
8412
5203
2987
23283
182234
29
165146
0
0
117743
103988
201666
68265
1101249
0
0
285283
81832
0
5
38541
61630
0
10903
0
2003
230
0
11266
0
0
0
3545
0
45508
182234
5920195
79946
0
81642
119335
82627
8358
0
4271
23283
4139929
0
1226164
79334
41491
78617
0
0
75270
81987
0
8415
362
9648
249230
51697
230
0
0
103371
5492
2871
0
0
3298
4877
0
60898
3155
0
53842
23283
8358
955339
7054
8358
1576646
362
54905
2657
60034
1996
23283
349789
9
57651
5
75844
23283
109634
0
75844
1415981
23283
17956
5
173647
75480
55051
76090
9901
60525
3719907
18
1737
46257
18
548
101719
0
182234
0
136284
85369
3981394
17956
0
206094
7514
36593
201666
107853
81832
11458
0
38541
0
2865
