70695
30448
0
45117
201379
8358
6099
223238
36
4794
0
5923
0
39015
0
0
56817
18
0
292469
35923
1041
0
34824
79622
0
1770
20
0
90642
13328
181454
8356
22967
0
0
169
42136
144178
79721
137135
6099
72105
2005689
2469
8358
207095
1827278
0
5893
78496
1364451
31775
12651
79133
0
0
0
6099
1041
6099
39561
79284
0
39229
66320
16585
5224
0
8677
27419
206212
8358
15051
4310638
0
0
79721
0
41729
1787
10
847
0
9
0
230207
7699819
31933
0
8358
0
41941
23337
5268
2125
42194
41729
62179
50267
0
23
49602
0
43
83568
8358
79721
81768
0
181454
49337
20875
46359
31895
126020
73243
0
0
0
0
224966
104958
1198959
75813
6099
0
36061
1243083
0
6099
0
14564
0
0
6099
101833
6099
4870
96531
275
0
41575
207095
1061576
7694352
39257
277
105097
114843
0
3368853
134844
8646
71
0
0
33259
72112
80338
70695
6099
201379
889
8401
0
177200
8401
0
75813
29469
46996
8358
8358
6099
75270
9000
29090
1143
66
51277
87
0
201379
327
43007
0
0
37260
182231
23
94036
9
1241
181454
8358
0
206978
8358
84412
13940
70695
8358
12760
17303
493360
400
81987
0
4015
75813
38708
40846
66320
70695
79315
133
78496
648
6099
80167
105641
79315
6666
0
182231
2938823
167360
80240
2519
3683
43376
64288
125989
0
42457
36778
0
6099
79721
0
41740
0
0
113549
5335
13186
8358
59951
32534
10668
223
191981
4240748
3209
6099
9242
0
39557
79275
35267
75813
993765
79760
0
0
84720
70695
0
6099
114841
10931
94827
225255
45490
130975
65594
0
39681
65328
42190
4199128
74243
63229
0
99408
12663
206978
0
395
922494
41054
0
22520
96313
70695
1289
0
83448
35559
88170
29340
1164658
2771
504409
1958005
102275
0
970651
1844
43676
34783
1701
2042824
89591
0
70695
0
7043
8825
16719
18353
2988011
0
67157
182231
3498
0
3433
2501
6099
3797
81987
18068
0
0
116598
6099
94337
11998
8358
0
9
36159
89753
18888
37017
8358
0
6099
72109
0
92552
70695
144838
207095
6099
225255
1846
26647
0
5865981
37003
1415981
178
527
8931
201379
4646
9677
0
4038997
2047886
181454
79760
184019
64364
147339
4549
117613
2692
1701
6099
6807
0
108279
5438
39436
207091
443
1976
0
86639
82261
35344
40261
69506
25213
75813
0
16038
75
6099
48169
0
0
30300
34403
13242
131190
79284
12600
23
2355
9230
0
10121
14383
25990
0
187
0
12095
78496
3368853
100
6411
34604
4015
0
4513
6099
0
1303
42864
45383
2
68597
6099
10
14203
0
20
1289
79721
0
0
492000
182231
207095
0
1701
182231
19581
0
8358
36111
1593677
0
0
3114436
125823
8415
66112
8358
32150
81729
4129
9539
79133
2907
37681
201379
6099
492000
0
0
79327
182231
50140
8742
19853
18751
13442
0
90355
181454
1990865
50061
125638
44795
45363
1282
66681
79762
181454
7326
1561
1587979
8358
81455
9577
0
0
0
53952
4169
0
0
87431
8358
40367
0
181
8401
966698
0
0
19112
8415
9105
709357
18578
78496
1765
4614
8358
18
3664
3225
135189
1248
46435
44189
15877
0
108926
1062131
0
143420
659440
23
1384122
6099
14746
6099
51143
1303
8473
3184
1787
201379
12902
3399
0
207095
178
2636
8415
1853
0
47848
0
0
42677
79721
4581
182231
350899
0
0
1404
1227500
99293
491
75813
79762
413
8044010
0
72105
0
176
0
61205
2419800
1198959
33442
19371
0
0
0
46748
18019
334175
8358
0
2491
12626
47405
182231
116569
334608
63747
7022
82296
33591
110418
42671
1876262
0
0
103906
0
8485
1588476
2530
8358
0
0
80571
52173
1225
1123007
13652
255
139941
42648
0
79762
0
201379
8
87
0
3209
22489
49587
54222
457
126824
41640
2504
183259
89207
6099
1597231
8415
81987
0
124
4526597
74897
5779
79762
5064
6099
88170
488
0
213345
26591
118640
0
207095
14796
5274
10862
951520
40916
33801
69079
30023
306
0
0
4006995
9209
3184
43499
8026
13895
210
9757
36148
255
113103
98191
88946
57379
7683917
1225
16217
0
0
0
52898
23
0
103371
0
11716
55319
8358
103484
24000
0
1415981
184845
29369
17488
17780
75
0
58182
5953
11273
5014
292
17701
0
14586
10897
516
90144
132308
322
0
0
3584
97462
8358
8358
0
9086
67
181454
8187
85065
0
41377
34398
5203
255
37437
82036
181536
48066
29315
45875
78496
115967
53714
97821
4688
6167295
0
0
181454
0
30276
79798
148980
134844
8358
53959
3298
75813
73985
6099
41416
0
70695
79284
0
8358
0
42565
0
63529
0
22520
1415981
0
75270
0
0
194881
8358
102275
116896
0
92552
82268
70695
128031
102673
168965
310
0
0
8358
1983297
42647
114044
6
18353
78496
6099
0
0
91834
0
12561
51793
0
169896
1894742
5125
86319
81987
70695
14032
2079129
20099
75813
10929
40686
0
0
8358
0
0
53263
0
110842
35133
70695
6099
1415981
150
72105
37614
1303
1732767
0
16533
82036
75270
70695
79721
27014
11463
207093
41046
0
106557
0
0
79284
20456
228341
34406
1111
648
0
8403
5203
0
6099
182231
43
167360
0
0
92262
109672
201379
70695
1109950
0
0
253038
79721
0
0
37814
36690
0
10903
0
3013
230
0
14910
0
0
0
3436
0
22056
182231
5920195
79946
0
81825
120808
83060
8358
23
3084
6099
4139911
0
1227510
78960
41276
78617
0
0
75270
81987
0
8415
0
9723
253038
50502
230
0
0
105097
4515
3760
23
0
3298
4877
0
63628
1172
0
53714
6099
8358
948272
277
8358
1844828
0
79327
1800
60349
1997
6099
352181
9
51880
0
75813
6099
106082
0
75813
1415981
6099
19012
0
156475
76478
39150
74540
1567
60524
3051560
18
1747
46662
18
0
101719
0
182231
0
134941
79315
3981025
17956
0
207093
204
41074
201379
27725
79721
8040
0
41640
0
2865
