66120
30912
0
44040
201379
8358
23280
223238
0
4802
0
4906
0
39156
0
0
57725
377
0
260990
66502
1193
0
37083
79963
0
1760
20
0
91075
13328
184466
8356
5438
0
0
161
42192
204082
83490
138546
23280
71560
1991216
2242
8358
206096
1827242
0
6177
78496
1364451
31847
12651
79096
0
0
0
23280
1193
23280
39561
74404
0
39228
61753
16562
5230
0
8654
27362
206979
8358
15052
4362179
0
0
83490
0
36865
1747
10
850
0
65
0
230207
7577572
119121
0
8358
0
60996
23337
11008
2158
42144
38541
62179
50259
0
0
49553
0
9
81985
8358
83490
82939
0
184466
49658
21899
56953
32940
126021
73261
0
23
0
0
223212
104958
1152475
74949
23280
0
34394
1276691
0
23280
0
14617
0
0
23280
101833
23280
4079
98197
275
0
41477
206096
1236187
7577572
39737
277
105097
114843
0
3368844
133184
9637
71
0
0
29754
72116
87945
66120
23280
201780
549
8401
0
180224
8368
0
74949
28229
47261
8358
8358
23280
75270
4125
29318
1143
66
51277
87
0
201379
405
43107
0
0
42881
182748
23
94042
65
1238
181591
8358
0
207379
8358
84411
7754
66120
8358
12788
17303
492000
400
78496
0
10986
74949
38706
40784
61753
66120
74563
133
83603
4001
23280
79814
110710
74563
5720
0
182752
2919460
164834
80462
2519
3842
57107
61719
126182
0
44471
34866
0
23280
83490
0
42002
0
0
119868
4407
3130
8358
56022
32081
10668
222
190773
4240127
3209
23280
9242
0
39470
138201
35750
74949
1009100
79101
6
0
74683
66120
0
23280
114841
10931
94902
233424
45594
142763
64063
0
45254
65328
42194
4199128
70899
63229
0
100005
13904
207379
0
399
926790
41061
0
24005
83025
66120
43
0
82905
36078
70936
6144
1049094
2771
504409
1990865
107623
0
964608
1844
42515
39950
1701
2049408
87159
0
66120
0
8563
8825
19734
18221
3051560
0
67157
182752
2680
0
4033
3207
23280
4259
78496
17024
0
0
116598
23280
95323
19105
8358
0
34
32710
89748
18888
37046
8358
0
23280
73375
0
60919
66120
112253
206977
23280
227424
1844
31832
0
5865981
37895
1164907
457
528
12811
201379
4450
12637
0
4038997
2061832
184466
79133
191907
59033
147354
4693
117613
2694
143
23280
6272
0
105783
43960
39689
206096
282
1978
0
93856
83103
39126
40142
71274
25416
74949
0
16732
75
23280
42717
0
0
30241
36013
17734
131189
74404
12603
0
2424
9283
0
12238
14383
29099
0
175
0
27136
78496
3368844
100
6411
35619
18562
0
5017
23280
0
43
42869
45546
0
68597
23280
10
15090
0
20
43
82661
0
0
492000
182752
206977
0
143
182752
19254
0
8358
34432
1593717
0
0
3083251
124992
8369
66112
8358
32411
69956
3832
9546
79099
2916
36973
201780
23280
492000
0
488
58248
182752
54893
8752
19853
31159
13442
0
89510
184466
1952612
50226
124505
44795
45617
904
66681
83490
184466
6338
1561
1588434
8358
82120
9577
0
0
0
39159
4167
0
0
87431
8358
38395
0
17966
8401
936835
0
0
19051
8369
9106
709357
18578
82073
1781
4614
8358
377
3173
3225
117637
1242
48963
44196
15009
0
106534
1234593
0
144678
633255
23
1373024
23280
14397
23280
51143
29442
8462
3184
122
201780
13424
6024
0
206977
178
6372
8369
2105
0
49293
0
2
39187
83490
4185
182752
372507
0
569
1545
1254133
99293
491
74949
83490
500
7979036
0
71560
43
222
0
61283
2419764
1461867
39305
19475
0
0
0
51010
13413
179378
8358
0
2500
14105
48214
182752
116569
333982
62970
5976
102022
34543
110418
73971
1876246
0
0
113429
0
8491
1588897
4173
8358
0
0
80545
52173
43
161720
13652
255
191160
43545
0
83490
0
201379
8
22
0
3209
25557
47698
53731
178
128892
37251
5049
160080
86939
23280
1602510
8369
78496
0
164
4463129
73820
5379
83490
0
23280
70936
687
0
213326
26591
115083
0
206977
29988
5280
7173
981169
39251
33898
70944
30021
300
0
0
4006995
9209
3184
44924
8026
13909
210
6448
37179
255
85817
98188
110890
93799
7578405
43
16217
0
0
0
51722
0
0
105097
0
10083
55922
8358
106837
20827
0
1152475
184900
28591
17503
17783
75
0
58222
990
11258
5014
292
14514
0
14586
10897
516
131542
135086
1499
0
0
3442
115884
8358
8358
0
9090
157
184466
8187
79522
0
41837
34398
5858
255
37439
84696
181536
48013
30036
35570
79292
115967
53084
96446
12052
6167295
0
0
181591
0
30409
105739
148981
133184
8358
59391
3298
74949
76186
23280
40565
102
66120
76579
0
8358
0
42236
0
69723
0
28240
1152475
0
75270
0
0
192506
8358
123920
130681
0
60919
73379
66120
112512
102673
168946
310
0
0
8358
1985432
43124
99074
412
18221
82073
23280
0
0
81835
0
676
51795
0
125392
201022
5125
86469
83689
66120
14032
2076933
20099
74949
10929
40320
0
0
8358
0
0
53263
0
110842
35065
66120
23280
1415981
210
71560
35845
43
1732710
0
17287
82122
75270
66120
83490
27014
8
206979
36096
0
118196
0
0
74404
26740
226005
34406
5900
0
0
8401
5203
0
23280
182752
9
165130
0
0
59972
100641
201379
66120
1109950
0
0
260923
83490
0
0
38541
68562
23
10903
0
1795
230
0
5518
0
0
0
3655
0
31418
182752
5684425
79946
0
84571
114174
82939
8358
0
1915
23280
4139926
0
1263608
79084
42192
78617
0
0
75270
83689
0
8369
0
9740
259623
51705
230
0
0
105097
4660
3610
0
0
3298
4877
0
66807
1672
0
53084
23280
8358
945609
277
8358
2591420
0
58248
1800
60352
1997
23280
373747
9
62833
0
74949
23280
102192
0
74949
1184333
23280
17968
0
156558
76710
38245
73918
6271
60560
3170105
377
1722
46692
18
569
101719
0
182752
0
144014
83522
3981394
17956
0
206979
198
38951
201379
27724
83490
8746
0
37251
0
2865
