952
3073
24864
0
179840
34130
10
43
0
34738
50858
181745
0
43254
24864
7760
537
203717
0
184835
54888
67868
0
1190137
0
0
24359
3397
0
737
1526
45963
32879
0
0
17368
55896
1588
7980
31580
9716
10
4775923
1950837
42990
34130
182052
482
0
38284
25252
208631
7336
35046
24090
17368
1500
25099
10
67868
10
1309
0
923
33327
952
178886
7774
0
60716
2006892
180369
34130
41053
1965750
110
3526
31580
61870
340
67490
85086
1696779
2145
36158
0
96951
3751688
15274
0
34130
12904
26723
1628
166
42320
13132
340
20253
47361
745
199654
46308
50927
859307
21054
34130
31580
0
2446181
45963
0
35246
204612
2081
9208
64926
6644
38703
321127
0
8022
101286
3901760
0
10
29810
33261
506033
166
10
2144
55397
203308
24864
10
100935
10
180197
16672
0
0
49776
182052
291479
3768294
3965
34757
39577
111740
0
1702422
20245
0
29656
7791
34631
204535
0
56255
952
10
179840
0
33087
0
47723
33099
0
0
722162
4211
34130
34130
10
0
488990
3519
38562
43488
58491
35060
11423
179840
204492
12470
0
3544
340
45978
28
62173
35978
8814
45963
34130
61876
180380
34130
1707
64668
952
34130
35392
270974
115414
33944
25271
198899
11011
0
8364
42728
952
952
0
62310
25252
29390
10
24199
35714
0
35266
11211
45978
2048658
3926
128937
2177
202
330235
243
10703
24864
26933
0
0
10
31580
2879639
132
5062619
24864
10692
38252
29810
34130
534
1097
35548
210472
1850
1636535
0
10
27300
88158
50849
4
22351
0
137946
22866
48472
77
0
952
0
10
112176
28535
676
6267
869
17098
42826
1500
9629
396
1592
2126228
21762
70389
0
23608
42074
179935
0
1523
1317220
11947
11230
116658
54970
952
28
12904
0
21387
2964
111
358065
39965
116157
258189
21070
205920
99982
23233
0
7216
48437
3669750
32855
0
952
24864
37826
293626
68918
0
2503418
9350
12539
45978
2459887
7760
75815
0
10
299550
25271
24753
936
745
6373
10
615
88158
34130
1634
6566
21387
902
17857
160
34130
200620
10
4775923
24864
46837
952
54228
182052
10
6267
151463
24956
622
1982920
1661
4890233
0
29657
0
179840
0
1167
12115
0
3669750
45963
22866
3804
714
0
18212
73
15828
4505
10
5097
24864
10484
0
21060
182055
0
246456
70868
34611
610
7216
16560
2856
30946
0
12904
25710
38569
10
4387
882
0
722162
33139
556639
20245
0
34833
199654
247647
0
16401
1890
40691
50683
203585
204602
2385
840
25252
1702422
4385911
39182
1574
11126
43680
3725
10
0
28
14007
0
24738
2885
10
85478
0
25099
28
28
31579
4767518
200559
99478
45978
182052
0
4505
45978
168565
60563
34130
33309
321026
0
3949
1947654
1580601
32307
27448
34130
84837
2964
62718
2393
24215
0
340
179840
10
97823
25099
0
38774
45978
15921
0
1065642
88158
0
24864
17703
45963
396903
10726
19979
144702
1775535
11170
121481
31577
45963
26133
0
80038
34130
493
41323
1527
854499
24864
20506
0
14978
14978
89335
34130
42333
0
54223
33099
345214
1636
98
29458
32307
2393
167
235350
40758
0
43337
34130
204485
2981
0
15273
13059
31134
4143
777
3485
36800
293619
36649
138740
264227
28
187031
10
1120
10
4685
28
13059
0
49031
179840
176404
52171
203585
182052
0
0
32307
41370
104
1221
24864
1700
580
31580
0
45978
2119
25099
0
38551
54426
50610
30650
0
31577
17687
3801965
44954
4775923
28
238451
29810
20911
1882193
4078805
0
0
896589
200727
7760
75312
946
1715904
34130
31673
178682
167851
1932
45978
30252
7156
267
67627
34
1574
8799
27364
49915
764076
66
32888
45863
13059
77585
0
34130
12115
29810
4280
7141
28
1861321
35234
0
1960
0
0
31577
200727
179840
260
42764
13689
0
22676
1567
115012
0
12135
340
183235
1711834
89873
10
321828
32307
25271
24864
34898
1869306
69
20004
31577
366
10
2964
191713
0
161
7118
35067
12115
182052
204612
13090
27759
1463531
9176
40108
825
203731
13137
0
7760
1768239
37160
0
8457
30560
41064
0
38355
33608
0
24152
63614
27385
36542
3767792
28
40630
29810
0
12115
45241
199654
0
39547
198876
0
9016
34130
222193
0
24864
4084547
6117
9680
24781
0
38569
41688
44288
42707
0
0
28569
29810
21072
37882
2325
283346
17825
71132
13059
12152
24864
571
21562
34130
34130
0
246651
868
45963
0
23961
21690
340
34234
0
0
1198
40729
46827
15967
3647
51531
25252
8004
106
3098
498977
2503418
0
11206
45963
751
44564
35092
12071
20245
34130
36518
17010
0
28792
10
8270
0
952
0
24864
34130
24864
10720
0
24277
0
116658
4084547
0
0
38528
0
8896
34130
21070
94760
895815
46837
0
952
42503
62868
56049
10231
12115
44954
34130
1941035
0
24216
8099
0
40758
10
11808
24864
51744
15154
2006892
9351
0
1580921
24911
190691
0
25252
952
58376
946
11711
0
13730
10031
12340
44958
34130
0
203607
60474
21072
109083
42616
952
10
3901760
31478
4775923
47121
28
112921
2145
19349
21906
0
952
31580
12543
0
180369
21387
200620
14819
203199
12115
0
29810
101336
34177
42638
3332
24864
285465
15210
0
10
45978
859307
3396
0
0
25684
1583602
179840
952
798638
205491
2485
184965
31580
12152
25099
610
6567
38703
2782
2446411
176379
32853
28
1230
0
0
28
4685
200559
181745
45978
1939350
30359
12340
493
853
0
34130
199654
203320
10
31685
38692
56554
24090
8164
40729
0
200730
0
25252
179
32307
0
2393
116420
44492
32853
12152
0
29934
0
9605
199654
0
17010
97318
0
24052
36692
20869
106
10
34130
389565
36016
34130
143528
0
38774
0
0
1241
10
1502
1164195
31670
24864
0
10
59302
205491
0
4078805
10
23836
24864
124080
326528
28353
70226
166
3200639
2860280
203717
4505
34992
204485
0
100879
44954
45978
6664
34151
0
1745432
23945
0
180369
2818
22576
179840
8653
31580
928
199184
340
0
9357
