1108
3710
24864
0
180111
32917
0
0
0
34924
51736
181739
0
43068
24864
8454
534
198890
0
157135
53924
50475
0
1190396
0
0
3989
2372
0
737
1527
50325
33301
0
0
11829
57787
1592
1636
31587
10443
0
4011110
1948287
43066
32917
181171
452
0
37441
25321
208612
286
36024
22866
11829
1500
25099
0
50475
0
916
0
400
34044
1108
188319
9716
0
59911
2005723
180751
32917
39757
1965358
0
2832
31587
61597
340
6067
84483
1696779
1941
29736
0
96951
3767792
14997
0
32917
15134
15560
0
0
42314
13121
340
20255
45873
745
200721
46338
49034
856022
25059
32917
31587
0
2446120
50325
0
36303
198785
2216
9208
64926
6711
38733
317718
0
5985
101286
4078805
0
0
29810
32444
507799
0
0
1889
56676
199172
24864
0
100935
0
183235
13991
0
0
42631
180812
278707
3767792
3957
34756
39577
111247
0
1702422
20273
0
21242
140141
38620
18682
0
60342
1108
0
180111
0
33106
0
44784
33106
0
0
643831
4212
32917
32917
0
0
643732
2649
38416
41510
58491
47672
13792
180111
204606
12295
0
3544
340
45919
0
62143
29736
8215
50325
32917
60887
179743
32917
0
64721
1108
32917
34408
215734
108559
35671
25321
197900
10231
0
8476
41533
1108
1108
0
60730
25321
28461
0
22866
30329
0
38960
11865
50330
2849560
4
128985
2177
200
21474
186
10703
24864
21179
0
0
0
31587
2881287
66
5060275
24864
7954
38198
29810
32917
534
1532
18275
200196
1467
1636535
0
0
24071
88158
45798
3
20186
0
93730
22866
45102
75
0
1108
0
0
112773
28672
676
5903
1034
10842
43582
1500
8951
0
1572
2126808
21762
70389
0
24052
41031
180100
0
322
1455052
13380
7890
110307
53225
1108
28
15134
0
22576
2963
0
116750
41639
113194
254747
8155
205908
99815
23225
0
7216
3780
1958529
31636
0
1108
24864
38364
279242
70735
0
2503418
6993
12539
50330
2339855
8454
62565
0
0
643743
25321
24731
908
744
6149
0
615
88158
32917
1634
306
20872
902
19174
160
32917
199769
0
4022714
24864
34611
1108
34202
181171
0
5903
1190024
24057
623
1982228
1574
4078805
0
29657
0
180111
0
102
13792
1430
1949856
50325
22866
2823
712
0
7185
1221
17567
86661
0
5317
24864
13336
0
20872
182344
0
277840
146281
34611
610
7216
15368
2254
30082
0
15134
25166
37971
0
7951
448
0
722162
32947
910221
20273
0
31014
200721
199220
0
15154
1004
39427
40510
204583
203725
2854
1295
25321
1702422
3966286
31014
1572
9634
42132
3722
0
0
28
13938
0
25134
83
0
85404
0
25099
0
28
31565
3983925
200259
108559
50330
181171
0
86661
50330
168088
61243
32917
33611
321098
0
3807
1947732
1505043
33294
27432
32917
24929
2963
75791
2081
22866
0
340
179802
0
108559
25099
0
9860
50330
15921
0
186985
88158
0
24864
16312
50325
357178
11576
9680
1775375
1775535
11170
113987
31587
50325
28024
0
79659
32917
493
37458
1527
1025082
24864
21347
0
14162
15100
89335
32917
45827
0
62818
33574
329906
1052
0
0
33294
2081
0
227018
25085
0
42869
32917
210190
0
0
10244
10
29013
4144
750
3256
37478
278944
40570
132507
264147
0
196896
0
962
0
4687
28
10
0
3808
180111
98204
54641
204583
181171
0
0
33294
11708
0
1022
24864
1700
610
31587
0
50330
994
25099
0
46786
147918
50423
28947
0
31587
13995
3862544
44943
4011110
0
214032
29810
20911
1855985
4078805
0
0
1580921
206363
7730
74299
946
1715904
32917
38605
166922
135380
777
50330
13221
5539
245
65443
0
1578
8803
21062
42534
853052
1
29536
45845
10
280270
0
32917
13792
29810
4279
277
0
1580921
22849
0
4872
0
0
31587
200727
180111
221
40493
12702
0
18431
737
107744
0
9680
340
183235
1715904
79914
0
345783
33294
25321
24864
34898
1862976
69
17033
31587
312
0
2963
193276
0
0
7110
11610
13792
181171
198903
12832
27759
1479684
8978
41204
4
209323
10
0
8454
1768159
35227
0
8737
30558
40962
0
38195
34896
0
24152
62571
12204
36603
3751688
0
40652
29810
0
13792
44368
200721
0
20703
198877
0
8664
32917
1845917
0
24864
3915622
5575
768
24254
0
37971
41688
44279
42629
0
0
27744
29810
21072
12331
669
83114
10244
71239
10
12915
24864
757
17796
32917
32917
0
247587
157
50325
0
23199
24820
340
33614
0
0
66
25346
46556
15967
3597
49841
25321
7956
114
2528
653159
2503328
0
11865
50325
436
44373
11987
12099
20273
32917
38837
17313
0
28476
0
8626
0
1108
0
24864
32917
24864
11503
0
21661
0
110307
3915622
0
0
36603
0
6126
32917
8155
94483
858366
34611
0
1108
81418
63028
55551
10223
13792
44935
32917
1940468
0
24126
0
0
25085
0
12729
24864
50986
13900
2005723
9914
0
1614841
22918
188392
0
25321
1108
56904
928
11711
0
5406
10031
13095
44947
32917
0
204606
60474
21072
109083
41430
1108
0
3915622
31684
4011110
38791
28
112473
1941
18172
25346
0
1108
31587
12416
0
180751
20869
199769
36513
197899
13792
0
29810
122422
33386
42634
4133
24864
283108
15020
0
0
45919
856022
4
0
0
36488
1583664
180111
1108
758110
200727
2168
99086
31587
12915
25099
580
4057
38733
2302
2325977
97106
32862
0
1070
0
0
0
6117
200550
181882
50330
1932132
30304
15144
493
218
0
32917
200721
203607
0
15735
32485
147930
22866
7627
24966
0
200727
0
25321
197
33294
0
2081
118707
44516
32862
12915
0
20703
0
10342
200721
0
17313
97638
0
24052
34631
21056
114
0
32917
387126
38572
32917
137935
0
9860
0
0
1417
0
676
1136906
31056
24864
0
0
34216
205079
0
4078805
0
22849
24864
123028
326407
17036
70222
0
3175252
2503418
198890
86661
34531
204481
0
100879
44943
50330
7488
45800
0
1745432
23224
0
180751
3669
22576
180111
10
31587
156
199184
340
0
10000
