706
3492
24864
0
179648
32363
0
0
0
34928
51814
179279
0
43175
24864
8404
0
198890
0
157136
54783
54579
0
1153801
0
0
15810
3263
0
737
1526
50319
32114
0
0
17334
57711
1582
1406
30361
17033
0
4186186
1940627
40628
32368
181690
513
0
37476
25085
215652
13157
35810
22866
17334
1500
25099
0
54579
0
3580
0
520
33470
890
188353
13663
0
59416
2005713
180658
32368
41106
1856916
0
3460
30361
62521
340
9976
84313
1696779
2121
50892
0
96951
3751688
27178
0
32368
14393
30301
0
0
41768
12754
340
20282
43791
745
200721
31604
38805
858369
25688
32368
30361
0
2479699
50319
0
35173
209323
2393
9208
64926
6863
38848
330367
0
7812
101286
3862544
0
0
29810
33539
499915
0
0
1798
55923
197887
24864
0
100935
0
185233
12761
0
0
51584
181690
284028
3751688
3969
35675
39547
112517
0
1702422
20273
0
29651
7791
38246
19380
0
37304
706
0
179648
0
34335
0
44829
33256
0
0
653159
4211
32368
32711
0
0
299354
2980
38625
43372
58491
35060
12116
179909
209321
12413
0
17207
340
45951
28
62136
50892
8524
50319
32368
59606
180239
32368
0
61712
706
32363
34392
186984
109239
35709
25327
197900
10177
0
8364
41647
890
706
0
62037
25085
36846
0
22870
34609
0
34751
11835
45951
2015933
7
128938
2136
204
42550
246
10703
24864
20329
0
0
0
30361
1415183
66
5061764
24864
5820
36835
29810
32363
534
1504
17391
214028
1012
1635678
0
0
24098
88158
55301
10
20188
0
93946
22866
47573
78
0
706
0
0
112780
26628
676
7884
702
17321
43901
1500
9176
0
1590
2126773
21762
70389
0
23456
43249
180113
0
1514
1308774
8943
5846
109548
51917
706
0
14393
0
20869
2964
0
116750
43884
116989
183355
23560
205908
104675
23705
0
7252
43488
1948389
32854
0
706
24864
39632
281079
80619
0
2503446
9844
12539
45951
2325998
8404
75815
0
0
287116
25327
24456
908
745
6149
0
615
88158
32368
1821
14110
21387
902
17843
160
32368
200605
0
3796843
24864
34611
706
41365
181690
0
7884
142977
28380
623
1982228
1574
3853934
0
29657
0
179648
0
943
12116
0
1941121
50319
22866
3308
1109
0
7264
1221
13843
43496
0
7882
24864
15175
0
22015
181690
0
279837
247039
38733
610
7252
14425
2233
28366
0
14393
25115
38843
0
558
508
0
653159
33226
573061
20273
0
30526
201008
250964
0
15153
964
39490
47703
203585
204893
3270
864
25327
1702422
4767665
28912
1578
11117
43320
3758
0
0
28
14600
0
22692
298
0
85289
0
25099
0
28
31567
3978249
200147
109239
45951
181690
0
43496
45951
181161
47878
32368
33773
305097
0
3807
1947905
1553761
34846
27429
32368
32958
2964
62735
2081
22866
0
340
179950
0
113015
25099
0
13475
45951
15921
0
231453
88158
0
24864
20271
50319
422693
12817
19655
1898509
1903277
11170
113613
31575
50319
31278
0
51970
32368
493
30535
2528
679676
24864
20503
0
14162
14005
89335
32368
42333
0
34163
33226
334633
1636
0
0
34846
2393
5
181664
25085
0
42311
32368
204481
0
0
17288
8504
30450
4090
899
3443
38023
279242
46788
139095
254980
28
208839
0
1038
0
1577
28
79
0
24123
179648
119303
55194
203585
181690
0
0
33291
30002
0
1221
24864
1700
610
30361
0
45951
1760
25099
0
34631
57594
50984
29583
0
31577
13983
3834509
44954
4178225
0
187047
29810
20911
1849461
4078805
0
0
3154197
205080
8404
61503
7419
1696779
32368
31793
180997
139882
587
45951
13382
258249
245
63061
0
1590
8804
30301
45305
764971
77
59141
42967
8472
80290
0
32368
12116
29810
4280
354
0
1614841
23139
0
4886
702
0
31577
206651
179909
300
35060
13942
0
18111
668
109239
0
17321
340
183235
1696779
88534
0
321584
34846
25327
24864
34898
1636015
69
316539
31577
731
0
2964
128677
0
0
7134
11816
12116
181690
210318
14335
27759
1194176
9598
41285
4
209036
79
0
8404
1724397
37303
0
9141
30546
42166
0
39083
34264
0
22813
63782
10316
38733
3769926
0
41899
29810
0
12116
46041
200721
0
39589
198759
0
8949
32368
222193
0
24864
3882406
7138
189
23734
144
38833
44066
45062
43085
0
0
26513
29810
21072
16176
286
250510
22307
70414
79
12802
24864
1281
23989
32368
32368
0
353300
794
50319
0
22811
24435
340
33414
0
0
77
25154
44261
15967
3649
39501
40613
7956
111
2885
643743
2376347
0
11835
50319
598
45768
14463
12075
20273
32368
31165
16310
0
28283
0
8178
0
706
0
24864
32368
24864
11144
0
25138
0
109548
3882406
0
0
36672
0
5646
32368
23560
91594
854488
34611
0
706
61222
64445
56941
10962
12116
44915
32368
1940460
0
22811
0
0
25085
0
12702
24864
52337
12851
2005713
9717
0
1580601
22966
202318
0
25085
706
55890
158
11716
0
5123
10031
13105
44915
32711
0
203607
60474
21072
109083
42673
706
0
3819175
35793
4178225
36816
28
112234
2121
19887
40948
0
706
30361
12562
0
180658
21064
200605
12112
203607
12116
0
29810
106522
33381
42655
3318
24864
223919
14944
0
0
45951
858369
479
0
0
11067
191842
179909
706
807626
205080
2145
106492
30361
12802
25099
580
4175
38848
429
2325999
102827
32854
0
1305
0
0
0
5815
200263
183471
45951
1931832
30304
15638
493
1080
0
32368
201008
204606
0
18890
38829
69393
22866
7680
25154
0
205080
0
25085
197
33291
0
2393
102256
45291
32854
12802
0
20746
0
8022
201008
0
16310
97638
0
24119
34631
20869
111
0
32363
387126
36889
32368
168434
0
13475
0
0
1241
0
1001
854499
32022
24864
0
0
46063
206651
0
4091895
0
22468
24864
124079
326407
17558
70222
0
2435897
2376348
198890
43496
35767
204598
0
100879
42033
45951
7488
45918
0
1745432
22680
0
180658
2805
21056
179909
159
30361
156
198897
340
0
10013
