1778335
2664112
7386
75350
94544
41139
28959
80504
75146
26654
2341
14158
0
41367
7386
84735
792881
196140
29380
40110
32145
183
29518
1580561
4464045
12704
230209
558
12928
11958
84898
17798
41055
0
12704
0
55512
12662
66
14210
0
28959
3815161
1989482
440
41139
94596
30489
0
34223
0
132718
32695
48398
21942
0
0
6248
28959
183
28959
32565
4479677
63556
582
7419
65835
0
30908
40983
1793918
94556
41139
34
1418749
0
2661166
14210
24004
19
257451
77
1649025
615
8983
0
1085
2208279
9680
0
41139
3181
0
12832
0
38481
659
21
0
49660
9286
63596
0
50224
665951
0
41139
14210
3900602
1560575
17798
74820
11776
193894
9369
120423
51848
25662
22859
9680
0
0
103383
2654036
3784144
28959
10090
13822
1138045
284
28959
615
58307
185867
7386
28959
100681
28959
30114
44610
4394706
12704
3613758
94596
197407
2211810
6885
47824
0
73
12704
1648973
0
0
12190
2584168
42593
0
5195
30029
1778335
28959
94544
4401205
42805
12704
17539
43077
30908
3784144
282598
1232
41139
41139
28959
0
83845
1106
42574
3433
58313
0
2918
94544
194056
123971
61351
2065
19
17243
63226
63174
6804
4711
17798
41139
23978
94544
41139
59078
38619
1778335
41139
31823
49266
274112
20933
0
193898
42461
3784144
6218
41570
7419
1778335
3914218
57695
0
36695
28959
21942
124023
3914218
24627
0
17243
1422273
190037
48608
41203
7629
0
0
117725
7386
768
1572
51034
28959
14210
1553761
1579
3236872
7386
25660
48273
10231
41139
1775375
57
0
151460
42728
1255931
0
28959
3687
1707
3052069
32465
4759
3784144
171116
21942
8886
0
3858164
1778335
29508
28959
22
28460
12126
0
48632
0
45442
0
6827
2260979
12662
1231174
0
70194
12704
21846
29065
94544
0
88343
324847
6744
26609
99864
7151
1778335
2920
3181
3196787
4927
0
20
193394
0
281078
1119006
26641
134432
6037
176
40664
5932
191975
1989482
14218
0
1778335
7386
0
95703
47239
0
1619386
2128
148
17243
1591574
84729
38259
0
28959
232193
0
8
44497
40474
64483
28959
13465
199
41139
0
32686
5052
8206
180
21
41139
63596
28959
3815161
7386
44397
1778335
122125
94596
28959
0
0
428733
8927
1729762
12071
3711669
4562667
15023
0
94544
853407
746
2918
131059
1930618
17798
21942
0
304993
32239
43337
73390
4967
229829
28959
2382
7386
35320
0
4927
94596
122132
76758
124628
42464
2365
5932
31592
1611
428786
3784144
3290
0
22859
28959
61591
5339
0
527514
15642
447542
0
4479677
36621
63596
98482
0
42080
371
0
6018
184004
204045
12597
310
0
1648973
3402675
30349
12661
39275
2654
179646
28959
88379
2920
1714
38278
233
1744
28959
133
74288
6248
1762
2920
5012
3661032
134446
273924
17243
94596
28618
229829
17243
65795
38429
41139
20435
238061
12704
11289
2679
643831
42793
1793918
41139
240814
0
25251
9369
21942
18632
21
94544
28959
273924
6248
30911
28441
17243
52057
0
111732
0
36019
7386
1775535
17798
1136488
6671
0
4
4
20181
103983
14210
17798
10031
0
17791
41139
16658
395
84706
514578
7386
4634
0
44153
3181
89121
41139
44730
12704
7405
42805
47921
371
0
1719899
42794
9369
27745
47271
0
0
35093
41139
189231
0
0
24116
88379
31296
122157
100674
1939930
123957
197487
40555
117318
80626
63226
121334
28959
96694
28959
55565
2920
88374
0
211440
94544
17780
183
184004
94596
4011405
0
42794
395
0
30907
7386
0
32
14210
20
17243
25348
6248
74888
44466
9208
57033
13906
3784144
14210
43941
2309525
393
3815161
1762
120564
10090
253
1419465
3711669
212
193
516788
134375
84729
38097
3004675
1662629
41139
30938
62460
155821
25
17243
67716
23106
4822
46710
0
12662
113
768
103
498837
1591
123950
870
88347
21628
0
41139
2918
10090
0
40905
25914
1388474
9865
5001070
53114
46733
30911
14210
66291
94544
13211
0
3181
0
1714
7997
250355
4011405
0
21
19979
1658449
154
28959
238099
42794
0
7386
0
1256681
26676
0
14210
26445
28959
0
98503
60792
6563
0
26429
2918
94596
205337
41695
11445
326097
6465
18059
2088564
194637
88374
17011
84735
1412268
0
0
0
40493
30154
57651
33648
31612
5190593
21901
62270
25888
44397
2209175
25914
141
10090
0
2918
0
63596
0
0
180284
36024
27750
41139
131358
30099
7386
2654036
6978
67084
253
95
22859
40609
0
693
76846
0
0
10090
5011
0
461
404576
23990
0
88379
3181
7386
122136
17510
41139
41139
0
51542
34731
17798
0
21901
0
19
14094
62016
5190593
5123
24
17149
51904
208659
53619
0
64554
0
206
112886
1619316
28596
0
17798
49426
0
26429
1843
0
41139
62
1359
3784144
3684
28959
1894
13112
1778335
4479677
7386
41139
7386
55793
5169
8914
12704
99934
2654036
29380
0
40534
0
0
41139
26641
1646
768105
44397
3361884
1778335
51140
60763
31007
2391
2918
297
41139
1913978
60762
21901
0
0
0
28959
3181
7386
1648
43227
1793918
1996
28313
643831
31222
158275
713
0
1778335
58122
3004675
3750
3784144
412
7106
3182
393
41139
12704
193739
60295
5011
49099
40394
1778335
28959
2654036
19196
3815161
48517
2920
98495
615
0
24
0
1778335
14210
6053
311
94556
5052
63596
30041
196585
2918
4479677
10211
29495
18069
766
40254
7386
145278
1845
12928
28959
17243
665951
190037
29380
0
30767
131358
94544
1778335
288651
134375
615
53008
14210
3181
6248
32
1710
22859
549
1604203
18981
14290
62079
371
30601
0
77504
6315
134189
30114
17243
1405123
5092
3182
16702
0
3848221
41139
63596
196350
28959
137585
5485
9424
21942
1040
24
200228
67368
0
0
0
42793
12704
9369
0
0
14290
3181
0
0
38849
5548
63596
0
1359
54014
0
22254
40542
4927
0
28959
41139
11462
48284
41139
18070
12704
28441
37349
1658
29838
28959
25348
757732
212
7386
3784144
28959
53758
134375
3784144
3473669
28959
268
7386
17730
9716
0
0
0
1584751
1982228
196140
229829
23508
191065
75730
100645
904
17243
1580561
122166
3914218
1690608
263
0
94556
3425
4927
94544
88376
14210
3004675
196668
21
29508
6128
