145966
1748532
6170
61415
94544
41824
36259
80398
60280
26489
2309
17033
0
41477
6170
84733
4709
191688
31027
214781
23451
145
30636
634938
3360248
12704
206025
390
12928
11384
84760
22302
42156
0
12704
0
57654
12830
69
5028
9680
36259
3190460
1914056
748
41824
94596
30489
0
32818
0
132718
26783
47649
20911
0
0
6782
36259
145
36259
16964
3825109
13979
873
1902830
72322
0
38449
39621
1770210
94556
41824
0
1417391
0
2694491
5028
22800
24
265529
77
1649025
615
8358
0
0
2195138
0
0
41824
3234
707
13090
144
37887
688
24
0
47822
20022
63746
0
38611
567345
0
41824
5028
4079025
1584751
22302
60768
9292
198473
9369
120448
29328
31752
22859
9716
0
0
102050
2288344
3516492
36259
10090
14972
347540
78
36259
737
58066
179325
6170
36259
100681
36259
14457
40320
4824480
12704
3615308
94596
66708
2202992
7035
47821
0
22
12704
1648973
0
0
12829
2584168
42597
0
1863
30648
145966
36259
94544
3336747
42716
12704
16036
41236
35637
3516492
321295
1232
41824
41824
36259
0
167466
1106
42514
2638
58313
0
2971
94544
203003
123989
60772
2065
24
21600
61871
63473
8358
4361
22302
41824
23848
94544
41824
59887
38550
145966
41824
31519
45945
248196
22502
0
197180
42918
3516492
6278
41760
1902830
145966
3325504
60904
0
36977
36259
20911
122166
3325504
25863
0
21600
1338539
205000
48549
40060
8364
803
0
117841
6170
707
1097
50822
36259
5028
712014
1863
3611930
6170
28879
47671
10081
41824
143255
87
0
144351
67116
1255931
0
36259
3400
0
3105504
22465
5092
3516492
13
20911
10471
0
3325504
145966
29528
36259
1047
24381
12124
0
48464
0
45385
0
6837
1584651
12829
1231342
0
70194
12704
20932
30052
94544
0
88356
324848
6731
27162
95731
1800
145966
2885
3234
3325990
4948
0
20
45591
0
280806
959208
27863
134446
1569
176
20688
6766
231565
1921231
5108
0
145966
6170
0
67683
46192
0
1619421
2128
212
21600
1434933
84767
23824
0
36259
217796
0
80
43293
38386
64470
36259
13179
0
41824
0
24667
4948
8206
304
20
41824
63746
36259
3193980
6170
40534
1778335
124023
94596
36259
0
0
428733
38214
1725267
12658
2574828
3895508
15046
0
94544
554625
340
2971
131059
1914631
22302
20911
0
85618
30125
33564
73447
1714
217035
36259
3120
6170
26905
0
4948
94596
117778
267002
47500
40534
2365
6485
33292
1658
282539
3516492
3234
0
22859
36259
60772
10011
0
321295
22917
377526
0
3825109
30418
63746
25808
0
41075
371
0
6845
184380
194045
12597
310
0
1648973
3736062
26467
12329
38031
600
66953
36259
88415
2885
1714
40692
0
1582
36259
133
59659
6782
1727
2885
5028
3736284
134180
273882
21600
94596
29830
217035
21600
72334
38955
41824
23039
214888
12704
11289
2396
643831
41629
1770210
41824
212094
0
25098
9369
20911
144
24
94544
36259
248375
6782
36198
25147
21600
14033
0
48610
0
39344
6170
140185
22302
961207
1943
0
143801
4
18042
100270
5028
22302
11496
0
18759
41824
15200
165
84759
703227
6170
4408
0
43167
3603
89121
41824
48908
12704
12865
41496
51563
554
0
1657120
41629
10562
27745
46361
0
0
34626
41824
191125
0
0
23297
88346
32138
122165
125862
1753140
118128
105258
42485
131518
261
61883
133963
36259
96733
36259
55478
2885
88346
0
202823
94544
36669
145
184380
94596
4447236
0
41629
103
0
26985
6170
0
32
5028
0
21600
42766
6782
60772
40542
32728
57103
12030
3516492
5028
49392
2245390
301
3190460
1727
168307
10090
80
1457712
3473669
171
1002
722162
63746
84733
23585
3004675
1658449
41824
31422
63091
145715
24
21600
67708
22074
0
43753
0
13903
113
0
0
475081
1341
122144
572
88346
21183
0
41824
2971
10090
31
41807
1727
653159
5048
5209698
53310
47203
29729
5028
66245
94544
13178
0
3404
0
1714
0
234192
4447236
9680
24
14158
1649025
154
36259
270639
41629
0
6170
0
1255931
22612
0
5028
30312
36259
0
99904
60772
6764
0
24632
2971
94596
203718
42816
11445
349096
6334
18941
1534250
194591
88409
20727
84733
1347327
0
0
0
40469
29985
15879
33136
28939
3914218
20877
63321
25591
40534
2198470
1727
0
10088
0
2971
0
63746
0
0
184474
37229
26730
41824
131358
34969
6170
2489527
4318
67102
299
542
22859
41767
0
774
75854
0
0
10090
5011
0
354
124688
30253
0
88310
3404
6170
123957
13400
41824
41824
0
245694
24667
22302
0
20870
0
22
15184
60777
3721694
1863
24
18753
51967
188356
41529
0
64554
0
204
197487
1021859
31874
0
22302
10373
2617
23741
5
0
41824
350
1543
3425910
3684
36259
1960
13112
145966
3844070
6170
41824
6170
123953
2096
8914
12704
95731
2489527
31027
0
44644
0
34
41824
27863
2485
514607
40534
3324181
145966
118187
64471
31223
2391
2971
595
41824
1913465
60142
21901
0
0
0
36259
3181
6170
1648
43265
1770210
1997
30598
653159
31223
65795
2211
0
1778335
56776
3004675
3426
3516492
41
6850
3235
595
41824
12704
196620
60295
5011
49115
42634
145966
36259
2299785
16759
3190460
40757
2885
68292
615
0
0
0
1778335
5124
6053
311
94556
4948
63746
23636
199403
2971
3825109
10088
46733
16814
774
40897
6170
279948
1641
12928
36259
21600
567345
207325
31027
0
36318
131598
94544
1778335
335413
66245
615
75402
5028
3404
6782
48
1675
22859
0
2376320
19495
5108
61416
432
29982
0
61181
966
134557
9716
21600
1383542
5124
3235
15200
0
3966395
41824
63746
200238
36259
137549
5516
8751
20908
1040
24
199941
66245
0
0
0
41629
12704
9369
19957
0
5108
3404
0
0
28676
5698
63746
0
1543
54690
0
21846
40542
4948
0
36259
41824
10385
47788
41824
15101
12704
25147
38813
1744
29444
36259
42746
567345
150
6170
3516492
36259
122134
63746
3516492
2334210
36259
309
6170
8923
9680
707
0
78
1534482
1619316
191688
217035
24270
191163
61906
100645
595
21600
1580601
123949
3352816
1690608
80
0
94556
2066
5048
94544
88411
5124
1516757
194796
24
29528
5700
