46921
20014
33138
12750
201307
111
57625
218854
24
0
63819
4723
82317
34852
33138
694
40747
0
8026
1558948
55555
4428
8026
59571
2070
0
201180
3667
0
2461
0
10813
103
14472
0
125137
2278
0
45080
50062
326463
57625
0
559080
1369
111
207023
71844
9239
34691
11654
807940
0
42360
62344
125137
9330
33565
57625
4428
57625
22
2606
11828
45922
46744
445511
180108
8042
32
3657915
207018
111
0
3195359
0
20580
50062
99375
18568
202897
27307
2810981
71153
2788
9239
211105
4773413
27146
9239
111
0
122158
21933
18237
16321
23540
18596
7314
56427
1869
200358
50898
46590
107906
12009
111
50062
1150
2527100
10813
13831
45997
38
540
34464
0
0
75792
172943
9239
870
101687
5358513
495
57625
26963
19571
160707
24432
57625
0
4335
0
33138
57625
101242
57625
2613
4328
6147
0
344
207023
668125
4769861
32011
44059
876
113535
0
1957698
0
3165
29881
1331728
47540
28154
47085
82855
46921
57625
201307
6851
944
0
4823
944
8042
495
1865761
0
111
111
57625
5112
1503961
0
38507
3987
56146
25799
2526
201307
18225
6896
0
63280
18596
10868
0
22
11441
29412
10813
111
111286
206905
111
94980
74
46921
111
28405
4660
5202
14288
4317
1846
372
495
11775
32982
46744
46921
1261
62841
11654
80123
57625
39810
46020
1261
0
7699
10868
2925568
122165
140189
8221
2488
123949
11685
39325
33138
30742
0
1725
57625
50062
57440
2911
9202126
33138
83907
42841
26835
111
42973
4019
0
1654620
38359
2760477
39104
57625
23861
0
0
430
31768
495
703253
39754
13908
8190
1261
46921
8026
57625
113532
770
2144
0
311
326407
48248
9330
18057
46939
29519
2828791
146
68076
0
60341
43318
206905
8253
0
1245639
13410
98061
137446
68526
46921
36682
0
1152
33558
14376
151015
772129
2264
0
284459
84396
205436
408681
111229
32811
14605
203604
584802
49402
0
46921
33138
13288
752844
23489
9239
3988722
4655
55002
10868
3832899
694
0
0
57625
789601
4317
14602
20007
1857
114794
57625
1571
13360
111
9420
3270
33872
48886
13167
16206
111
201357
57625
0
33138
35046
46921
46062
207023
57625
0
2248559
363952
2947
2901127
0
5881373
5423
2233
3188
201307
25482
0
2526
1755076
617676
10813
39754
41893
46291
0
11801
115160
18097
200513
57625
22373
33138
85240
15153
33541
207023
1165
344808
563971
37116
84210
14605
0
42100
534730
495
0
0
76498
57625
36430
11953
76527
1865761
19275
149
0
2606
15979
200358
0
3180
5640
59092
0
0
0
0
55515
58479
11654
1956020
0
3478
0
47
19
11201
57625
12594
36682
128
37761
108396
40196
57625
28460
31783
33565
40861
36682
49798
7575490
199725
0
10868
207023
8042
200544
10868
446066
100049
111
17917
644186
0
23925
2009562
13053
1096
62606
111
152752
23073
2525
4965
62346
44943
17726
201307
57625
30
33565
8042
76976
10868
4414
3186
5108
13662
8671
33138
45065
10813
232260
1648
327837
540
647
2959
145308
49797
10813
12226
470
443832
111
1866
0
227
754021
33138
31258
0
518
0
89679
111
44502
0
13920
944
772217
67155
86139
1720
1096
3769
149368
5108
4278
14685
0
111
0
15585
30064
78485
9181
46795
14072
3144
20676
40870
749925
40889
45177
764299
0
808223
57625
9021
57625
503
36682
37180
39062
157568
201307
93031
4894
0
207023
4438
96972
1096
54
0
35351
33138
9425
12927
50062
64120
10868
35611
33565
0
47540
453850
48243
42434
495
49797
145
4791978
23623
0
40859
1630901
4013
22871
2796830
5206649
8196
29311
50822
201357
694
0
1778335
81
111
6669
420559
6289
0
10868
115617
5255
11176
29505
22973
0
29952
30895
1854883
710941
13463
40728
18657
37180
443130
97001
111
2526
28209
8438
5919
40862
29291
0
3095
52922
301
8042
49797
201357
201307
55016
47451
0
39104
14739
0
28242
4438
327145
18596
4749
2814467
46332
57625
646805
1096
4317
33138
28187
2824351
740
12016
49797
28869
57625
14376
0
296
96898
6292
85190
2526
207023
0
1764
14393
1110058
18936
42499
60525
36
31105
61552
694
2550981
0
39062
5359
0
42033
7761
34713
15139
5405
61875
133
102087
37116
4767518
40862
0
28240
16282
2526
51262
200358
9241
0
0
7687
10727
111
56136
8043
33138
5358513
158148
39100
16189
0
76498
34350
56565
108021
0
62
11995
28347
29274
0
1432
448280
85190
84977
37180
0
33138
5361
7202
111
111
9239
324397
3270
10813
3182
61522
71262
18568
19825
53570
5405
0
6943
11122
3924
8074
49970
11654
114388
1179
0
891873
3988547
8026
7699
10813
13346
47868
79556
160993
0
111
8522
68941
495
34337
57625
26628
0
46921
3116
33138
111
33138
9666
53242
69715
0
203271
5358513
8026
5112
37116
9239
41188
111
84396
47642
1159443
35046
1157
46921
94354
726
97367
2523
2526
23623
111
186604
29
61273
48638
9239
4278
57625
0
33138
87751
5347
3657915
0
8026
36742
116918
2382
83254
3345
46921
4487
1778335
23910
495
31033
18942
16312
23623
111
0
0
58131
29274
110144
33999
46921
57625
5730033
8451
0
44783
36682
782259
71153
14474
6041
4651
46921
50062
70156
90231
207018
32301
201357
85240
0
2526
2606
28277
1694018
19868
115804
82077
33138
359338
102155
0
57625
10868
107906
127412
8026
9239
85295
54183
201307
46921
154244
201357
67530
1557129
50062
0
33565
13045
157365
75792
1444
3896071
91695
49402
0
0
8026
3178
2727
156171
205438
4995
10868
2805443
49815
16312
1709
34834
1155
111
200358
18224
57625
1998928
793
422298
39689
25181
6943
86741
206072
5112
3345
6449
1096
0
2386
1515308
51149
49402
0
69775
816
39732
28644
200358
0
68941
124960
82317
60342
37190
33587
1179
57625
111
445764
44295
111
1269760
0
76976
0
6445
21496
57625
35143
107948
8852
33138
495
57625
29224
206072
495
5731101
57625
27293
33138
125673
124869
30917
76169
22722
4
3988532
0
200513
29843
0
271
101174
23623
10868
79236
39735
1261
2005639
14889
76038
207018
1318
32278
201307
31113
50062
1684822
0
18596
8026
29073
