47701
19947
33138
12908
201307
311
153
218855
1
0
64166
4723
82297
34852
33138
528
40836
0
8026
1558941
56923
4926
8026
57273
2413
0
223135
152
0
1650
0
10823
103
14517
0
70298
1123
0
42693
50508
319351
153
0
520442
1369
311
206029
74158
9238
34691
5815
792668
0
43092
39753
70298
9330
33565
153
4926
153
9
2090
19742
46046
47434
445943
176413
8042
32
3643035
207018
311
0
2785906
0
19938
50508
113767
18596
214998
27469
2810981
68371
13085
9239
211086
4769861
27132
9238
311
0
30862
21919
18572
16312
23242
18596
7314
46079
1691
201357
50955
45136
121080
15638
311
50508
1149
1688958
10823
14115
45601
38
428
13221
0
0
67446
44025
9239
0
101687
5730079
346
153
24240
19547
159188
24237
153
0
4333
0
33138
153
101242
153
4723
3845
6143
0
48
207023
644181
4769861
31899
43297
0
113535
0
1955918
0
3165
30380
1422371
35259
34689
47083
36781
47701
153
201307
4465
942
0
7517
942
8042
346
1580921
0
311
311
153
5076
1614841
0
38430
101
56146
25668
22
201307
0
6848
0
63280
18568
9733
0
22
13085
29732
10823
311
85207
206905
311
94980
0
47701
311
28391
5108
80
38757
5815
719
46
346
11775
32926
47434
47701
1154
62549
5815
73410
153
39786
38543
1154
0
7672
9736
2959662
103452
144319
3927
2042
33086
11409
37081
33138
34330
20
1721
153
50508
69333
1408
7135438
33138
84109
43735
24203
311
44028
4032
0
1623439
27445
2760477
39092
153
23861
0
0
430
31739
346
703236
39753
11300
8190
1154
47701
8026
153
113532
840
2144
490
311
326407
44030
9330
19107
46975
29480
2828791
146
68076
0
60768
42058
207305
12208
0
1256293
13410
80829
138247
72059
47701
100312
0
1157
33411
15138
151062
768083
3470
79
284343
82794
205436
408673
36715
32710
14505
219160
474583
49403
0
47701
33138
13280
655385
23325
9238
3988287
0
55002
9736
3656047
528
0
0
153
1614841
5815
14629
20007
1807
114794
153
2121
10
311
9420
3270
32278
48873
15583
16256
311
200476
153
0
33138
39045
47434
38399
206029
153
490
1141057
547021
2530
2900346
0
5730623
4082
2233
3188
201307
26313
0
22
1770724
674862
10823
39753
41663
46474
0
2272
115128
17376
202086
153
28040
33138
84157
15168
32301
207023
2311
343125
518370
35046
84501
14747
0
42089
363906
346
0
0
63940
153
36285
11723
76507
1865761
19308
149
0
2090
12914
201357
0
3180
5601
59222
0
0
0
2454
55529
69075
5815
1955918
0
3333
0
49
0
11155
153
11912
36693
168
37892
109183
37783
153
27991
32129
33565
27911
100312
50521
6660314
200724
30
9736
206029
8042
202086
9736
445991
96021
311
18820
644528
0
49351
2009562
12839
1098
62606
311
152752
22465
0
5164
39753
42162
17726
201307
153
109
33565
8042
84946
9736
4380
3186
5108
31
8671
33138
44621
10823
284339
1646
330235
534
534
2959
147525
50508
10823
11860
470
421656
311
1866
0
227
794451
33138
33999
0
380
0
89679
311
44502
0
13175
942
768153
69725
86119
1615
1098
3765
64016
5092
11660
14776
0
311
0
19
30028
89474
10463
46781
13636
3144
19918
28085
644181
49367
42407
764120
0
881217
153
8329
153
358
100313
11936
39100
196537
201307
92977
4926
0
206029
5070
55588
1098
54
1
37810
33138
9425
13045
50508
64120
9736
35004
33565
0
35259
380667
45443
42197
346
50508
147
4783721
26525
0
28542
1623380
6508
22871
2796831
5366043
8912
29277
49766
201357
528
0
1778335
81
311
8992
421986
6078
0
9736
115379
3630
11675
28960
24553
0
29957
30694
1854855
522978
11861
41807
24749
11936
421592
2819
311
22
28507
8438
5919
40855
44564
0
4112
53029
366
8042
50508
201357
201307
67704
24830
0
39092
14772
0
116193
5607
330235
18568
4723
2814335
50178
153
648976
1098
5815
33138
26683
2824343
341
10647
49065
329512
153
15138
0
0
96898
6292
98603
22
206029
0
1772
14407
979995
19185
42608
60525
153
11936
52122
528
2550901
0
39100
4772
0
42101
7759
34713
15442
4599
39561
133
86169
37116
4770152
40855
0
28188
16269
22
51264
201357
9239
0
0
7687
10727
311
56449
8043
33138
5358309
156979
30313
23691
0
63940
34096
57657
107780
0
0
13394
28209
29268
0
1688
460624
98553
86224
11936
0
33138
4421
6600
311
311
9238
333949
3270
10823
3182
59420
28694
18596
19663
49319
4108
0
13823
11122
4137
7989
50046
5815
114388
932
0
1580601
3988260
8026
7672
10823
12931
47846
90466
160993
0
311
37
79770
346
31535
153
27711
0
47434
2320
33138
311
33138
9666
17888
69715
0
138247
5358309
8026
5076
37116
9238
40877
311
82794
45733
756901
39045
1155
47701
17117
726
96867
25
22
26525
311
197030
0
61444
1
9238
11660
153
0
33138
92116
5338
3643035
0
8026
13055
117158
2382
85186
5815
47434
4482
1778375
23773
346
31298
19676
8373
23623
311
0
0
58131
29268
110144
32843
47701
153
5358309
10074
0
34851
36693
782722
68371
14474
4251
5076
47434
50521
70156
86997
207018
32292
200476
83709
0
22
2090
28621
1685262
19716
109980
79370
33138
333890
102591
0
153
9733
121080
103452
8026
9239
90276
53307
201307
47434
153009
207071
69609
1557111
50508
0
33565
12956
157372
67446
1941
3931931
93217
49624
0
0
8026
3178
2737
161807
205438
4995
9736
2804639
50059
8373
1866
35623
926
311
201357
719
153
1998849
525
378320
40519
24996
6104
4063
201357
5076
5815
6449
1098
0
2384
1514373
50058
49624
0
69765
0
38702
29081
201357
0
79770
130842
82297
60340
35259
32278
932
153
311
442461
43714
311
1270089
0
84946
0
6442
21496
153
35207
53922
5612
33138
346
153
32232
205785
346
5730623
153
28337
33138
61763
124498
43434
75967
22532
4
3988477
0
202086
28897
0
76
101174
26584
9736
66660
18544
1261
2005639
14585
76034
207018
340
33891
201307
2070
50508
1778335
18121
18568
8026
29956
