45321
20188
37400
12715
201307
103
667
218852
0
0
62568
4749
82298
34098
37400
507
39821
0
8026
1557568
59301
5139
8026
58649
1997
0
206360
4071
0
2144
0
10823
103
14500
0
60207
1116
0
42693
50502
326429
667
0
235611
1369
103
206142
71682
9240
34691
14169
789240
0
43144
39747
60207
9330
38188
667
5139
667
0
2304
15302
47012
46904
445508
180629
8042
32
3642657
207305
103
0
2796950
183418
20618
50502
136374
18596
205069
28166
2810981
70837
2431
9240
211076
4767053
71142
9240
103
0
30910
22726
18122
16404
25017
18596
7314
48199
1780
201644
50131
36918
107948
6825
103
50502
922
2520464
11085
14397
45525
38
443
13382
0
0
75815
124833
9240
0
101687
4781024
0
667
26725
20737
143367
24453
667
0
4334
0
37400
667
101242
667
4995
4056
6105
0
48
206142
648996
4769861
31983
44068
0
113535
0
1955918
0
3165
30882
1422207
47641
32343
47398
82469
45321
667
201307
8479
932
0
4827
930
8042
0
1581321
0
103
103
667
5251
830553
0
38728
61
56146
47134
5998
201307
7719
6786
5
63280
18596
10877
0
22
2431
29281
10823
103
99072
207305
103
94980
0
45321
103
28391
4644
69
14293
6229
622
46
0
11775
32992
46904
45321
1159
62548
14169
79083
667
39809
45956
1150
0
7694
11085
2925630
141390
142454
3926
2518
122159
11310
37222
37400
30974
0
1721
667
50502
71581
2916
7465431
37400
84374
43730
27195
103
44298
4552
0
1946039
29938
2759709
39120
667
23861
0
4
430
31122
0
703266
39747
2308
8190
1159
45321
8026
667
113532
888
1959
16905
399
326429
48260
9330
18807
46975
29797
2828791
146
68076
0
60140
43307
206905
12587
0
1384452
13695
94456
141128
60566
45321
36699
0
1261
34651
15204
164425
709573
2661
2958
298928
103885
205436
408315
52663
33831
16454
163940
254051
49057
0
45321
37400
13580
656229
37520
9238
3988504
0
55002
11085
3635225
500
0
0
667
819046
6229
14764
20007
1692
114794
667
1823
8526
103
9420
1640
33388
46507
15042
16256
103
201644
667
0
37400
39123
45321
20535
206910
667
0
1140424
539283
2898
2900346
0
5386799
2579
2233
3188
201307
35275
0
5998
1752375
250700
10823
39780
38860
43475
0
2272
114888
18120
151366
667
22928
37400
85997
15184
32278
206910
603
338854
696281
35046
84490
16041
0
42086
535141
0
0
0
77331
667
36272
11730
76507
3620054
19226
238
0
2304
15884
201644
0
3180
5606
68621
0
0
0
18137
50616
57937
12511
1955918
0
9216
0
46
0
11142
667
13227
100329
168
36898
103276
37661
667
28012
32343
33565
40908
100329
50067
6692782
200724
877
11085
206142
8042
151366
11085
447175
100514
103
18349
644455
0
31994
2009496
12479
1096
62606
103
152752
23548
28
5163
39747
44325
17726
201307
667
877
33565
8042
82011
11085
4447
3186
5108
8505
8673
37400
42420
11085
269142
1478
318850
534
534
2958
147711
49065
11085
26878
472
421638
103
1547
0
230
1170620
37400
30534
0
481
0
89679
103
46727
0
10573
930
768272
67729
86119
1734
1096
3766
135966
5124
6033
15261
0
103
0
0
30007
89092
9834
46775
15672
3331
20087
34071
646825
36967
43129
745075
0
808299
667
9020
667
366
100329
19105
39098
161493
201307
136398
5144
0
206142
2318
64705
1096
52
1
37881
37400
9425
12956
50502
62995
11085
26615
38188
0
39395
496901
49029
42078
0
49065
151
4781024
23682
0
28588
1941703
6536
22871
2802678
4847032
10538
29109
51169
206072
500
0
1740407
1173
103
6671
439791
5948
0
11085
115367
2501
11946
21501
25875
0
29960
34325
1844021
508329
10544
48499
19594
19104
386137
8914
103
5998
28250
8438
5919
40909
39072
0
4270
52621
366
8042
49065
201644
201307
56173
26148
0
39120
15174
0
100861
2318
326528
18596
4399
2814335
50273
667
659057
1096
6229
33138
30906
2826975
524
10514
50067
330574
667
15204
0
271
96898
6292
85900
5998
206910
0
1760
18105
1093715
19892
42709
60559
36
19104
62545
507
2517846
0
39098
5822
0
43278
7761
34713
16279
3038
40593
133
84760
35046
4770152
28586
0
28542
16326
5998
53527
201644
9240
0
0
7687
10727
103
57537
8043
37400
5730015
156501
35610
17294
0
77331
34154
57706
109881
0
0
11607
28195
30170
0
1701
536759
84891
88465
19105
0
37400
5809
5467
103
103
9240
352473
3270
11085
3182
55043
26868
18568
19419
46757
6749
0
6237
11333
4202
8041
39695
14169
114388
1082
0
846680
3720191
8026
7694
10823
22202
48025
104405
160994
0
103
2073
69573
100
32785
667
28208
0
45321
1961
37400
103
37678
9951
36686
69715
0
141128
5730015
8026
5251
45435
9240
37416
103
80082
51382
740751
39123
1261
45321
17117
726
97019
111
5998
30686
103
196718
0
60894
20
9238
6033
667
0
37400
91432
5334
3642657
0
8026
29353
117398
2382
85241
18182
45321
4484
194329
23829
0
16930
19865
6051
23623
103
0
0
58131
30170
110144
32876
45321
667
4783181
8445
0
36823
100329
785628
70837
14474
15062
5251
45321
50502
70156
90372
207305
32278
201644
82533
0
5998
2304
28540
1685263
20340
107801
82652
37400
465763
122730
0
667
10877
107948
107662
8026
9240
87461
53678
201307
45321
231270
201644
68530
1558941
50502
0
38188
12927
156088
75815
2197
3896155
135916
49057
0
0
8026
3178
2253
156979
205556
6368
11085
2803188
49814
164
1303
35751
922
103
201357
0
667
1998884
789
411151
40515
25843
5281
4063
207358
5076
18182
6463
1096
0
2385
1521880
51164
49057
0
69765
987
38706
29552
201644
0
69573
130984
82297
60144
35259
33940
1082
667
103
444940
43549
103
359893
0
82011
0
6356
21496
667
29971
107906
37
37400
0
667
25709
207358
0
5387106
667
16204
37400
61612
124958
31152
77927
22722
4
4629958
0
153268
29837
0
35
101174
23623
11085
81234
21323
1678
2005639
15053
76036
207305
340
33437
201307
12583
50502
1778375
0
18596
8026
30381
