1510343
1277067
39193
22403
6350
22123
51500
3766
22279
38648
351
0
9959
8833
39193
53900
1539965
10169
38131
5468
949
28192
37303
301314
1934676
1334
315858
0
10919
24112
53545
711043
19389
5305
3931
36188
0
38308
13368
296740
7594
51500
2238543
16758
4447
22123
6641
31738
54957
9429
29298
14553
38342
0
113649
36188
56031
40221
51500
28192
51500
28018
2194645
98433
8559
1510343
0
6533
39802
3891
8833
6450
22123
52723
984201
10521
1344472
296740
20431
106980
393225
53275
1565747
3144
22263
56511
608
1928862
6509
56231
22123
1268
0
39368
625826
13811
9680
253475
55451
73492
16157
0
26
50340
177275
28653
22123
296740
1980523
1277015
711043
22956
9026
23677
0
2447
1171
27726
329
1843
55417
13124
28
1950881
1911564
51538
34887
39786
35051
625826
51538
2777
15
1085
39193
51500
0
51500
0
146
2817609
3931
527514
6641
478530
1927034
19979
24
27802
36913
3931
32665
29277
12528
39698
1649025
44182
6509
5147
9680
1510343
51538
6350
2262526
25806
3931
710160
24646
39802
1911564
508207
0
22123
22123
51500
23723
471921
0
52484
44230
2291
30495
1089
6350
10175
10842
22711
50695
106980
711044
22000
7194
22263
40658
711043
22123
20435
6350
22123
51553
20890
1510343
22123
3870
106325
109371
13663
28691
10175
23848
1911564
15684
8833
1510343
1510343
1976998
1053515
28440
190399
51538
123914
0
1976998
25519
55592
711044
1943596
321773
395347
30160
16142
0
12032
2686
39193
0
4004
7548
51500
296740
301604
34
1984714
39193
197606
24
35165
22123
1535507
1932
4445
1245344
6749
1841391
11025
51500
4536
54245
625826
38171
37835
1911564
451123
113649
22263
55919
1976998
1510343
38084
51538
40714
34080
24652
13124
245914
7323
1413
56031
0
1321185
40809
1136331
38620
1891
3931
110551
8833
6350
31768
55803
17866
16475
196663
38515
707432
1510343
9879
1268
2683038
37076
13175
250
56777
4447
111471
28975
189030
3
2855779
45879
37692
0
315858
341712
323780
55641
1510343
39193
40485
474532
710015
54957
1870521
555
38494
710163
1937122
53900
20425
56065
51538
479619
28691
110365
40563
15153
32877
51500
23663
55645
22123
54584
38227
37772
0
112647
108033
22123
0
51500
2238543
39193
44174
1510343
9716
6641
51538
13124
1662629
387324
15377
1874275
41044
2013465
2262526
36929
12528
6350
93946
1062
1089
6228
380370
711043
113649
181200
1507679
28175
28501
8458
97678
327289
51500
3813
39193
200851
5861
37536
6641
9680
1951
105
44174
25054
0
171
5105
387324
1911564
1268
14447
7846
51538
22296
124689
9573
507537
25
80626
29289
2194645
38131
0
5449
12528
34868
2527
42277
186310
0
10181
666
2581
28691
32665
2219589
38131
39696
23848
42292
7053
51500
55057
9879
97678
42274
14318
5204
51500
56217
22237
40221
2789
9879
306126
1971058
6
115013
710163
6641
38755
327289
710163
4349
20925
22123
456
482835
3931
26052
1028
501160
26695
8833
22123
387324
13175
20890
0
113649
1377
272736
6350
51538
114885
40221
39469
188520
710163
8919
12528
143090
55864
44554
39193
3004675
711043
29024
97678
8416
3508347
1726777
106620
39605
306360
711043
62
11334
0
22123
22580
4445
54250
316489
39193
39326
56065
38264
1417
1047
22123
6108
3931
22263
24646
90702
2697
10521
1226525
26695
0
2229
326887
28687
951
17150
22123
10169
10521
11334
181558
53241
0
9716
151
1213956
9680
509064
42246
28512
209079
22000
38303
51500
5449
51500
33974
9879
55023
10521
340658
6350
5468
29530
0
6641
2262526
13178
26695
4445
10521
8837
39193
56607
230712
296740
222
710163
6749
40221
22431
54485
105
51797
41659
1911564
1008936
146
1930487
713821
2238543
15364
1245518
36740
119593
991265
2010791
13338
577580
501160
0
53900
20850
1690674
1570054
22123
10461
59623
89078
737
710163
19371
5278
12978
710160
13175
40503
41684
0
0
224083
5304
9716
710160
55158
0
13178
22123
1089
36225
3913
34953
15364
621619
38298
2556585
182219
710163
39469
306360
0
6350
1509
31328
1092
11025
97678
983
114795
2262526
7378
116668
5618
1566105
114716
51538
482835
26695
28691
39660
30685
1478765
16452
6620
1008936
11757
51538
13175
5449
22431
0
55393
198490
1089
6641
25027
26700
36758
14418
0
8833
913376
25158
54959
10050
53900
931532
45961
10521
9680
1428
8833
4030
9436
1167
2240851
113119
9784
182437
42241
1926014
15364
44344
36926
28425
1089
8833
0
55788
27802
0
50532
116998
22123
263
37600
39193
1957812
806813
6749
115109
3050
7846
8833
8833
721323
22403
56065
23777
34826
37751
4445
112647
105
176963
116278
54959
1089
39193
9716
206065
22123
22123
55788
14
40455
711043
11334
118811
8813
270595
21
22528
2240851
34
28128
710163
8551
75158
32687
29298
33127
12035
1932
478194
1918382
37331
54656
711043
120644
8833
198490
28739
29277
22123
5453
0
1911564
39090
51500
9716
5244
1510343
2194645
39193
22123
39193
17321
117510
41356
3931
40049
1957812
38131
23728
42241
55417
169876
22123
189030
129828
178662
44174
1978714
1510343
0
36573
32214
732
1089
713821
22123
2389
21944
122033
10521
54957
28687
51500
1271
39193
535988
33218
8833
378
38398
238053
31803
157
24635
28667
1510343
1419
1618408
21244
1911564
119575
25460
1238
711047
22123
3931
85232
2130
37751
20006
8833
1510343
51538
1950881
11191
2238543
48525
9879
13232
3144
39387
28168
23622
1510343
296740
45253
706369
6450
37559
0
199464
85198
1089
2194645
35761
5468
25
693268
181443
39193
4204
0
10919
51538
711044
177275
321773
38131
56511
194993
4414
6350
1510343
45440
0
2790
5468
296740
1089
40221
58798
2474100
329
112634
1488891
5468
313341
21846
2756
37182
12928
22914
721323
6
0
710163
1911330
998479
1238
23588
13193
1953462
22123
0
10175
51538
4233
18295
105
123914
9716
28601
77
0
23723
28667
0
26695
3931
0
5468
8833
313341
1089
8644
28664
46442
47536
0
55644
0
31630
9959
117323
42249
39200
12035
51500
22123
2053937
0
22123
4186
3931
188520
9040
1822
4814
51500
6861
27965
921
39193
1911564
51500
12135
0
1911564
2012601
51500
112647
39193
276849
371
0
111733
625826
1251936
1850092
10169
327240
7540
10169
22296
15
542377
710163
301604
9716
1976998
31342
114781
9018
6450
15989
37661
6350
55074
296740
1650394
85232
116668
38084
47460
