1507679
1202302
40421
21418
6564
20582
50351
3765
21846
23777
8004
0
9959
0
40421
54052
1507679
49
37258
5472
5054
13889
37256
43548
1948215
1333
312974
0
1621
18728
53676
539603
19262
6151
1333
41457
0
39372
12125
323780
7378
50351
1967636
279514
4413
20582
6648
32075
55816
9019
28617
14376
30244
0
112747
41457
54409
38627
50351
13889
50351
20121
1946422
98618
7984
1507679
160
7052
39859
12
0
6448
20582
50508
981668
10521
1205866
323780
19875
235369
391349
53547
1565747
2579
22263
53985
608
1924360
6509
54487
20582
1238
0
39400
625826
3143
9878
107345
55942
48149
15387
0
2536
49987
187734
27325
20582
323780
1980859
1260197
539603
21846
7540
80296
0
1271
713
27642
354
5
55816
13124
0
2010530
2255607
50351
34387
20555
35050
625826
50351
2752
0
0
40421
50351
0
50351
0
87
2222746
1333
625826
6656
471921
1925141
425965
353438
27273
18752
1333
33365
27628
12528
40527
1649025
44295
6567
6138
0
1507679
50351
6564
2296976
25711
1333
539564
25804
39859
2255607
480675
0
20582
20582
50351
24531
509064
0
46065
50629
2374
30416
1059
6564
85269
0
21846
52129
116677
711060
21901
7194
22263
154
539603
20582
5588
6564
20582
54251
20428
1507679
20582
3631
117004
109371
13608
27949
10169
23848
2255607
16056
0
1507679
1507679
1963709
977040
28617
189417
50351
117212
0
1963709
23674
54035
711060
1842541
304973
511107
39599
16142
0
12027
1285
40421
0
3738
0
50351
323780
301314
5156
1989404
40421
181481
469266
32761
20582
1507679
668
4411
118919
6805
1844091
11025
50351
4346
56163
625826
40278
38754
2255607
42077
112747
22263
54726
1938217
1507679
36044
50351
19868
35692
19999
13124
710877
6833
994071
54409
0
1279809
40443
1136331
38674
1890
1333
106177
0
6564
26161
54940
14341
15885
181512
40737
689448
1507679
14730
1238
2574306
38483
13175
390
185488
4413
116806
22164
186470
3
2858154
48798
36198
0
312960
442874
514001
56114
1507679
40421
40503
471065
710581
55816
1870516
350
42902
711060
1850949
54052
20273
54866
50351
475388
27949
105314
41757
16142
9983
50351
24242
54688
20582
55373
40396
38484
0
107316
112005
20582
0
50351
1961339
40421
44174
1507679
0
6648
50351
13124
1658449
387324
13881
1874275
40562
2010530
2329799
38746
12528
6564
137946
1031
1059
6228
381222
539603
112747
181728
1507679
29473
27580
8019
102558
312974
50351
142
40421
192312
5786
38483
6656
707
0
105
44174
24841
0
10145
642
387324
2255607
1238
0
0
50351
21846
126918
9573
509064
21
292306
28729
1946422
38190
0
5437
12528
33643
2577
42232
188238
0
10169
668
2357
28617
33202
1962270
38190
40459
23267
40249
7242
50351
54504
14753
102558
42279
14318
0
50351
53228
22800
38627
15364
14730
347748
1960199
6
105464
711060
6648
39723
312974
711060
160
19875
20582
319
482826
1333
24156
844
269059
26029
0
20582
387324
13175
20705
0
112747
1377
225519
6564
50351
105464
38627
39545
183461
711060
15243
12528
118919
55090
45990
40421
1509683
539603
18605
97238
8141
3397643
1770241
105172
40753
305061
539603
62
11334
0
20582
22803
4410
53676
144512
40421
39218
54725
23848
1238
1871
20582
5513
1333
22263
25709
186866
2577
10521
1313364
26029
0
2276
309106
27336
943
13714
20582
49
10521
11334
189425
55005
140
0
74998
1204112
14158
471921
52591
28055
179239
21901
38303
50351
5431
50351
30017
14730
54940
10521
312974
6564
5472
13603
0
6648
2296976
13178
26029
4377
10521
8327
40421
54984
224902
323780
446
711060
7021
38627
21846
42249
0
51836
40491
2255607
305061
0
1931022
713821
1967636
15364
117004
35111
119481
984142
2010530
4
577580
237683
0
54052
20850
1690674
1566105
20582
10201
59663
75318
737
711060
8673
5813
12027
689614
13175
39366
37879
0
0
130956
84
707
710872
54940
0
13178
20582
1059
35035
2197
34833
15364
206949
39405
1965293
181164
710509
40601
305061
0
6564
1675
31051
1238
11025
102598
983
109116
2296976
7320
110748
5595
1566105
115453
50351
482827
26029
27949
40317
29960
695381
19898
6504
305061
9386
50351
13175
5472
21944
0
54725
180462
1059
6648
80293
29425
35372
14256
0
0
902350
80288
54504
11679
54052
846330
52597
10521
438286
1238
0
3704
9898
1166
2729079
117670
9602
181282
42241
1924409
15364
50503
34501
32179
1059
0
0
54062
27273
0
52568
141130
20582
263
39663
40421
1957561
812671
7105
107165
3050
0
0
0
711060
21846
54726
23777
35449
38020
4411
112533
9
194135
113773
54940
1238
40421
9680
184479
20582
20582
55817
0
40396
539603
11334
114939
0
116677
23
21418
2305595
12
28070
542494
10580
142
25387
28617
10266
11856
356
478520
1874275
37258
54035
539603
127530
0
181434
27926
27628
20582
0
0
2255607
40209
50351
0
2718
1507679
1946422
40421
20582
39739
17321
114674
41403
1333
40737
1957561
37258
24999
44174
55816
185748
20582
186470
121098
131570
44174
2574306
1507679
0
36603
31359
351
1059
711047
20582
0
21846
110470
10521
55816
27336
50351
1417
40421
535871
33128
0
350
37257
269059
31277
142
25025
27336
1507679
0
1690674
21244
2255607
106985
25460
1058
711048
20582
1333
6779
2114
38020
21665
0
1507679
50351
2010530
10773
1967636
41841
14753
10620
2579
40583
28110
23990
1507679
323780
45128
539430
6448
38212
0
193384
221
1059
1946422
35376
5472
26
713821
185935
40421
0
0
1621
50351
711060
187734
304973
37258
54196
186861
2459
6564
1507679
38839
0
2752
5468
323780
1238
38627
68688
549839
354
112533
1850960
5472
129408
21846
2357
37331
12928
21901
2474380
6
0
711060
1874275
217166
1058
22676
13193
2174030
20582
0
85269
50351
4231
18295
0
106351
768
28108
4
0
24531
28185
0
26029
1333
0
5431
0
129408
1238
8644
27273
44323
100373
0
54866
0
31145
9959
119588
46225
38107
11856
50351
20582
2927526
353438
20582
2009
1333
183461
8869
0
4130
50351
7105
44143
5579
40421
2255607
50351
0
0
2255607
2010530
50351
107022
40421
175661
5
0
113328
625826
1221134
1870521
49
312974
7536
49
22500
15
711047
711060
301604
707
1963709
32342
106538
9018
6448
9159
38059
6564
53487
323780
1690674
6779
110748
36044
120984
