1510343
1205249
39604
21846
6568
22994
52095
3767
22711
23777
5345
0
9959
0
39604
54703
1671677
161
38465
5485
5444
13889
37817
48949
1913196
1334
318258
0
1621
21146
54280
539642
22304
6139
1334
41457
0
41624
12122
554656
7320
52095
1966073
0
4453
22994
6688
32364
54362
9832
28841
15547
28332
0
120535
41457
55007
39086
52095
13889
52095
21845
1934382
98188
8089
3004675
0
6807
39901
14
0
6444
22994
34231
984124
10521
1361138
554656
6961
49526
398734
54963
1565747
2756
22263
53883
607
1923496
7057
54399
22994
1416
0
40519
625826
3156
1399
278879
54230
51026
16258
0
6784
50639
131454
27080
22994
554656
1915391
790463
539642
22403
9663
80305
0
2613
707
28301
0
5
54284
13124
28
1925499
1970334
52095
33802
17321
39532
722036
52095
2579
0
0
39604
52095
0
52095
0
0
2194645
1334
282485
6656
471631
1922442
0
0
28997
26108
1334
34984
28773
12528
41613
1649025
46341
6509
5579
9680
1510343
52095
6568
2376581
28007
1334
131157
27980
39901
1970334
509064
0
22994
22994
52095
24455
472295
0
54082
34234
2354
31893
882
6568
10163
425965
21846
50783
106476
2063060
22914
6084
22263
142
539642
22994
0
6568
22994
55501
20890
1510343
22994
3661
328993
121745
14365
29604
10163
22800
1970334
15287
0
3004675
1510343
1947054
1258092
28873
187071
52095
123821
19979
1915146
22800
54691
2063060
1857888
304966
499627
23690
18806
0
8872
1467
39604
0
3748
5154
52095
554656
159218
0
1897157
39604
196237
0
34790
22994
1531793
929
4194
118919
6777
1842006
11025
52095
4033
52934
625826
28157
39411
1970334
451039
121723
22263
55436
1915146
1510343
38483
52095
36111
32167
25125
13124
538836
6775
398
55007
14930
1232341
42918
1136331
40479
1891
1334
124808
0
6565
28918
55255
8846
15516
193301
39761
538568
1510343
14730
1416
1914767
37683
13175
362
177715
4737
116880
22308
194776
3
2927526
47108
30024
0
318321
0
551324
55312
1510343
39604
41699
472598
795665
54237
1862135
528
42152
2063060
1850949
53153
10307
54485
52095
473454
29604
123821
40694
16759
8812
52095
18049
57095
22994
54928
28332
37915
0
121714
100594
22994
0
52095
1936925
39604
46333
1510343
17321
6688
52095
13124
1649025
318356
17013
1874275
41682
1931797
1938937
38303
12528
6568
137946
998
882
6228
0
539642
120535
183054
1536277
31459
29327
7797
97238
318328
52095
44952
39604
181461
4441
39314
6656
0
0
105
42241
25863
0
10136
2657
322004
1970334
1416
0
0
52095
22403
119699
9573
509064
134
106186
28780
1934382
46391
0
5485
12528
33974
2357
36124
186972
0
10163
666
2187
28841
33893
1960450
38310
42795
23848
32261
7178
52095
57635
14759
97638
40225
14318
2596
52095
55982
21886
39086
15322
14753
647608
1965099
6
110374
2063060
6688
40669
318328
2063060
151
19974
22994
457
482156
1334
24594
1008
381315
26647
0
22994
405222
13175
7219
0
120535
1377
278887
6568
52095
109467
39086
39591
181464
2063060
9663
12528
117004
57648
36151
39604
2911923
539642
28022
102678
8170
1770241
1770241
112932
39730
933736
539642
62
11334
0
22994
17177
4233
55830
237639
39604
39273
56981
23491
1416
1871
22994
5839
1334
22263
26631
185958
2526
10521
1196905
26647
0
2229
1021064
27358
842
12809
22994
161
10521
11334
186852
57084
1721
9680
75318
1209982
9680
481550
44181
29021
440157
22914
38303
52095
5485
52095
22181
14730
56941
10521
320359
6568
5485
28208
0
6688
1947249
13178
26647
4527
10521
7446
39604
56514
285416
554656
530
2063060
6749
38672
21846
46341
0
53510
40552
1970334
933736
227
1924409
469789
1966073
15322
316904
35331
126155
981668
1934355
27
577580
501160
0
54703
19802
1613061
1565995
22994
8680
59623
154
737
2063060
13541
3667
13179
2022220
13175
41631
44283
0
0
96132
5567
9680
798537
54839
0
13178
22994
882
34640
8776
34901
15322
269059
41625
1974879
186485
710163
39591
933736
0
6568
1678
30477
1417
11025
97638
983
110879
1947249
7320
105802
5601
1565747
113062
52095
483683
26647
29604
39386
30733
695381
19898
6591
321066
11694
52095
13175
5485
21846
0
57188
196310
882
6688
80305
29011
36215
14256
15705
0
593135
80284
53666
11679
54703
858482
54496
10521
1094
0
0
4259
9437
1309
1985309
121182
9611
176853
42241
1923603
15322
36323
35163
30272
882
0
0
54362
28740
0
32285
131598
22994
1221
38913
39604
1928507
725721
6861
107602
3103
80
0
0
542260
21846
57188
23777
36298
37644
4267
112533
105
184100
112835
56106
1240
39604
179
195694
22994
22994
54362
0
28332
539642
11334
121548
0
112002
22
21846
1926722
5156
28736
690496
8826
89158
30148
29567
9826
12589
1032
472293
1874275
36236
54691
539642
116133
0
192638
28659
28773
22994
0
0
1970334
41741
52095
9680
2718
1510343
1939072
39604
22994
39604
707
120034
41796
1334
39761
1928507
38465
24768
42241
54363
185745
22994
194776
113164
131484
46333
1946003
1510343
9680
38587
31097
527
882
539722
22994
0
21846
123914
10521
54237
27358
52095
1416
39604
707432
33005
0
175
38408
151621
31648
154
25765
28875
1510343
0
1611992
21244
1970334
108766
44152
883
690507
22994
1334
10169
2133
37644
22443
0
1510343
52095
1933093
10053
1966073
42436
14759
10921
2756
39392
28879
24329
1510343
296781
44719
713818
6444
38384
0
188723
85194
882
1934382
35484
5485
134
539526
182385
39604
0
0
1621
52095
2063060
131454
315858
38465
55282
186701
7435
6568
1510343
38952
0
2756
5485
554656
1240
38672
278879
2117182
0
115026
1870512
5485
1029214
22859
2580
37337
12928
21901
788488
6
0
2063060
1874275
1124954
883
23210
13193
1882123
22994
0
10163
52095
4231
18295
0
117209
14135
29484
92
0
24455
28875
0
26647
1334
0
5485
0
1029214
1240
8644
28152
34271
47536
0
56491
0
32187
9959
133317
46341
39422
12589
52095
22994
2855779
0
22994
2103
1334
181464
8619
0
5286
52095
6749
0
84
39604
1970334
52095
0
0
1970334
2010530
52095
112634
39604
278772
5
0
112617
625826
830844
1870521
161
318328
8923
161
21846
171
711043
2063060
48949
0
1947054
31648
114677
9018
6444
9186
37940
6563
54392
554656
1611992
10169
105802
38483
44846
